ILS msec infos:
     type  1st_quantile    median  3rd_quantile          mean           std     min     max
0  normal     140101.25  146385.5     154995.00  146664.21875  11281.598399  122092  166340
1       h      74748.00   80917.0      86815.50   80355.09375   7948.381370   61402   92097
2       l      40015.25   41335.0      42864.25   41503.56250   3268.980318   33635   49218
3      lh      34239.00   37932.5      39752.50   36889.15625   3663.320555   28867   41824
4       t     122422.75  130660.5     141332.75  130471.34375  14366.601142   99828  150322
5      th      70873.50   76515.5      79486.00   74567.75000   6483.033763   59915   84498
6      tl      36641.75   37561.5      39123.00   37733.37500   2942.553398   31741   45032
7     tlh      32216.00   33770.0      35851.00   33741.84375   2811.417185   26969   39386

ILS before costs:
   1st_quantile    median  3rd_quantile         mean          std     min     max
0     386330.75  391484.0     398761.75  393435.3125  9035.223875  380061  410714

ILS after costs:
     type  1st_quantile    median  3rd_quantile          mean          std     min     max
0  normal     213580.50  214473.5     215430.00  214573.18750  1163.044210  212546  216946
1       h     214067.25  214777.5     215357.00  214746.87500   937.992047  213008  216852
2       l     213687.75  214417.5     214995.75  214466.40625  1178.595306  212581  217702
3      lh     213593.00  214171.5     214862.50  214315.68750  1205.314132  212406  218370
4       t     213881.50  215032.5     215367.00  214907.93750  1168.175002  212946  217923
5      th     214003.25  214622.5     215250.25  214573.15625   944.367551  212820  216241
6      tl     213908.50  214440.0     215301.25  214610.50000  1136.247332  212670  217391
7     tlh     214124.75  214787.0     215534.00  214766.46875  1173.137453  211750  217384

ILS improvement rates:
     type  1st_quantile    median  3rd_quantile       mean       std      min      max
0  normal     44.236300  45.23790     46.309600  45.432759  1.331241  43.4522  47.7679
1       h     44.321100  45.27825     46.367850  45.390031  1.257637  43.3409  47.7904
2       l     44.425225  45.43900     46.306350  45.460653  1.301083  43.2738  47.9988
3      lh     44.436825  45.40765     46.406025  45.498994  1.300526  43.3817  47.8308
4       t     44.334000  45.29765     46.121925  45.348537  1.294884  43.2114  47.9029
5      th     44.521550  45.39655     46.328100  45.434972  1.222964  43.6564  47.6536
6      tl     44.262275  45.36945     46.500300  45.424475  1.278562  43.5492  47.7923
7     tlh     44.506600  45.26235     46.292375  45.385353  1.258326  43.3112  47.7566