ILS msec infos:
     type  1st_quantile  median  3rd_quantile      mean       std min max
0  normal         40.50    46.0         51.25  45.50000  7.269024  26  56
1       h         22.00    25.5         28.25  24.93750  3.689020  18  30
2       l          3.75     4.0          5.00   4.09375  0.856074   3   6
3      lh          4.00     4.0          5.00   4.46875  1.015505   2   7
4       t         29.00    36.0         37.25  34.31250  5.699109  23  45
5      th         15.75    18.5         21.00  18.03125  3.496398  10  23
6      tl          2.00     4.0          4.00   3.34375  0.937029   2   5
7     tlh          2.00     3.0          4.00   2.93750  1.162242   1   5

ILS before costs:
   1st_quantile   median  3rd_quantile        mean          std    min    max
0       22510.5  23359.5       24210.0  23430.4375  1563.550817  20441  28009

ILS after costs:
     type  1st_quantile   median  3rd_quantile         mean         std    min    max
0  normal      15736.75  15831.5      15885.75  15805.71875  186.314032  15271  16201
1       h      15726.50  15854.0      15990.00  15879.15625  225.780811  15501  16531
2       l      17479.50  17982.5      18669.00  18055.68750  768.491167  16714  19555
3      lh      17464.75  17944.5      18541.00  18062.81250  797.045206  16714  19773
4       t      15907.75  16049.5      16165.75  16040.96875  241.964205  15525  16547
5      th      15828.50  16006.5      16230.00  16038.53125  247.704557  15697  16590
6      tl      17765.75  18283.0      18953.50  18347.90625  746.206854  17154  19950
7     tlh      17732.75  18086.5      18832.50  18295.40625  735.505657  17165  19739

ILS improvement rates:
     type  1st_quantile    median  3rd_quantile       mean       std       min      max
0  normal     29.105850  32.27235     34.860150  32.261331  4.429112  22.32280  43.0219
1       h     29.426300  32.24780     34.273950  31.952525  4.413166  21.52540  42.5292
2       l     19.955550  23.20395     25.540925  22.699506  4.819013  10.88680  31.0043
3      lh     19.576525  22.97640     25.254875  22.668419  4.894375  10.88680  32.0589
4       t     28.364725  31.31075     34.027750  31.259559  4.472270  20.20940  41.5724
5      th     28.090650  32.07760     33.599925  31.266375  4.529933  21.26120  40.8690
6      tl     18.484375  21.27830     24.325600  21.426755  5.127785   9.08677  32.1432
7     tlh     18.759375  21.18560     25.032875  21.660059  4.935666  10.99160  32.9251