ILS msec infos:
     type  1st_quantile  median  3rd_quantile      mean       std min max
0  normal         24.00    28.0         32.50  28.18750  6.731905  14  43
1       h         24.25    30.0         33.25  28.31250  6.472959  16  40
2       l         10.00    15.5         18.00  14.37500  4.605397   6  21
3      lh         10.75    13.5         17.00  14.12500  4.448632   7  24
4       t         21.00    25.0         29.00  24.62500  5.890123  13  38
5      th         23.50    26.0         28.25  25.53125  4.832580  14  34
6      tl         10.00    13.0         14.25  12.75000  3.983838   6  23
7     tlh         10.00    14.0         15.50  13.31250  3.736805   6  19

ILS before costs:
   1st_quantile   median  3rd_quantile         mean          std    min    max
0       65505.0  66716.0       67600.5  66643.34375  1388.101735  63809  69967

ILS after costs:
     type  1st_quantile   median  3rd_quantile         mean         std    min    max
0  normal      57378.00  57572.0      57799.50  57649.56250  442.058742  56679  59330
1       h      57349.50  57501.0      57795.00  57581.25000  469.260228  56679  59330
2       l      59158.50  59564.0      60212.00  59711.78125  917.122595  58211  62661
3      lh      59176.50  59627.0      60212.00  59740.78125  874.142298  58458  62661
4       t      57439.00  57574.5      57894.75  57679.71875  365.212376  57158  58716
5      th      57396.50  57551.5      57885.75  57639.62500  399.996028  56980  58716
6      tl      59185.00  59637.0      60257.25  59730.34375  853.353484  58487  62423
7     tlh      59189.25  59611.5      60257.25  59739.56250  835.301334  58487  62423

ILS improvement rates:
     type  1st_quantile    median  3rd_quantile       mean       std       min      max
0  normal     12.192300  13.48345     14.817400  13.466812  1.517957  10.07850  15.9136
1       h     12.365550  13.48345     14.817400  13.569222  1.542886  10.07850  15.9136
2       l      9.377605  10.35540     11.678250  10.375721  1.753549   6.32669  14.3950
3      lh      9.452570  10.25990     11.442225  10.333096  1.650916   7.08991  14.3950
4       t     12.136825  13.51465     14.791225  13.416602  1.747918   9.72747  16.2585
5      th     12.336675  13.51465     14.846175  13.477368  1.733739   9.72747  16.2585
6      tl      8.965193  10.44425     11.496175  10.347234  1.711410   7.69737  14.2476
7     tlh      9.076880  10.44425     11.496175  10.331916  1.771645   6.97080  14.2476