ILS msec infos:
     type  1st_quantile   median  3rd_quantile         mean          std    min    max
0  normal      22616.75  25062.5      26427.00  24064.46875  3357.276536  11657  28264
1       h      18550.75  19263.5      21687.50  19935.21875  1881.629265  14948  23139
2       l      14004.25  14779.0      15651.25  14720.34375  1532.068465  11216  18642
3      lh      13678.50  14817.5      15432.75  14399.65625  1651.113302  10039  16841
4       t      20884.25  22838.5      23878.00  22460.18750  2315.108378  17153  26491
5      th      16607.00  17702.0      18448.75  17474.59375  2243.642342  11581  21990
6      tl      12455.75  13286.5      14049.50  13165.65625  1551.464129   8324  15737
7     tlh      11716.75  12981.5      13849.75  12743.18750  1612.605194   8109  15094

ILS before costs:
   1st_quantile    median  3rd_quantile        mean          std     min     max
0      150340.5  152924.5      154772.0  152229.125  3170.706431  144235  157842

ILS after costs:
     type  1st_quantile   median  3rd_quantile        mean         std    min    max
0  normal      82872.75  83426.0      83957.50  83520.5625  917.817149  81754  86648
1       h      82938.25  83455.0      83914.25  83519.6250  654.089752  82619  85082
2       l      82782.25  83217.0      83987.25  83301.8750  976.201452  80990  86054
3      lh      82942.00  83179.0      83889.00  83450.4375  787.020471  82285  85811
4       t      83029.75  83601.5      84157.50  83639.2500  796.185341  82241  85090
5      th      82927.50  83605.5      84016.75  83534.8125  905.495282  82127  86513
6      tl      82885.75  83506.5      83929.00  83457.5625  749.018839  81994  84876
7     tlh      83210.50  83683.5      84070.25  83659.5625  584.368970  82389  84920

ILS improvement rates:
     type  1st_quantile    median  3rd_quantile       mean       std      min      max
0  normal     44.399950  45.02685     46.053100  45.113081  1.239595  41.7922  47.1794
1       h     44.549475  45.13485     45.876575  45.115172  1.091521  41.8255  46.8199
2       l     44.666825  45.15595     46.082000  45.257909  1.201458  42.5230  47.6846
3      lh     44.575650  45.29515     46.016625  45.160975  1.109490  42.3462  46.9128
4       t     44.352150  45.04120     45.927025  45.039019  0.998172  42.9812  46.5937
5      th     44.382500  45.01095     46.026075  45.103434  1.245681  42.3108  47.4660
6      tl     44.233625  45.45795     46.033350  45.156669  1.077646  42.5535  46.9045
7     tlh     44.454750  45.07485     46.009475  45.023697  1.049022  42.5167  46.6853