ILS msec infos:
     type  1st_quantile  median  3rd_quantile      mean        std min max
0  normal         49.00    66.0         83.25  64.12500  20.265575  31  98
1       h         31.25    39.5         44.00  37.37500   9.293598  22  56
2       l         10.75    13.5         17.00  14.06250   5.375797   7  32
3      lh          9.75    14.5         16.00  13.00000   5.060919   4  24
4       t         47.00    61.5         71.25  58.75000  15.123150  28  81
5      th         26.75    31.0         37.75  32.46875   8.312386  13  49
6      tl          7.75    13.0         14.25  11.75000   4.486539   4  21
7     tlh          8.75    11.5         14.00  11.34375   3.588596   5  20

ILS before costs:
   1st_quantile   median  3rd_quantile         mean          std    min    max
0      62493.25  63779.5      65735.25  64056.28125  2189.653106  59554  68265

ILS after costs:
     type  1st_quantile   median  3rd_quantile         mean          std    min    max
0  normal      50717.75  51267.0      51621.75  51189.12500   597.471973  50181  52264
1       h      51300.75  52043.5      52438.25  51971.68750   873.745384  50400  53739
2       l      54713.25  55197.5      55758.00  55273.96875   927.145480  53266  57404
3      lh      54992.75  55708.0      57248.00  55884.21875  1556.651280  52538  58952
4       t      50553.00  51229.0      51662.25  51171.09375   697.311675  49882  52563
5      th      51625.25  52022.0      52723.25  52191.37500   862.432559  50773  54536
6      tl      54732.00  55336.5      55840.25  55369.71875   876.723086  53813  57355
7     tlh      54994.00  56018.0      57243.50  55994.75000  1331.670985  53153  58237

ILS improvement rates:
     type  1st_quantile    median  3rd_quantile       mean       std       min      max
0  normal     18.158700  20.24470     22.256425  20.002891  2.710921  13.88320  24.4859
1       h     16.473975  18.36260     21.118725  18.783109  2.820052  13.08390  23.3147
2       l     11.598500  13.59120     15.939675  13.634859  2.608762   9.19602  17.9460
3      lh     10.598450  12.90270     14.432350  12.705071  2.534824   7.81736  18.3888
4       t     18.070550  20.13745     22.261850  20.041294  2.435012  15.30380  24.4784
5      th     16.469225  18.48715     20.409125  18.450800  2.470263  13.27870  23.3822
6      tl     11.239200  13.04800     15.921050  13.479230  2.764770   9.15304  18.2207
7     tlh     10.300250  12.34585     14.320900  12.516602  2.771447   7.27601  19.2609