ILS msec infos:
     type  1st_quantile  median  3rd_quantile       mean        std  min  max
0  normal        239.75   263.5        278.75  262.25000  32.251031  201  334
1       h        159.75   178.5        205.25  182.46875  35.812220  110  242
2       l         54.75    58.0         64.25   58.56250   9.175485   31   80
3      lh         47.00    52.0         54.25   51.75000   6.495656   40   67
4       t        195.75   202.5        220.00  205.68750  29.386674  146  271
5      th        124.00   135.5        148.00  135.28125  18.230132   88  174
6      tl         40.00    47.5         51.25   45.93750   6.242092   35   56
7     tlh         40.75    44.0         47.00   42.93750   6.400290   26   58

ILS before costs:
   1st_quantile   median  3rd_quantile     mean          std    min    max
0      31761.75  32846.0      33797.75  32947.0  1714.889482  30316  37203

ILS after costs:
     type  1st_quantile   median  3rd_quantile         mean         std    min    max
0  normal      20778.25  20972.5      21184.00  20976.15625  275.025642  20413  21521
1       h      20946.25  21206.0      21344.75  21177.18750  264.369907  20656  21779
2       l      21724.75  21993.5      22467.00  22047.84375  464.953907  21201  22884
3      lh      21820.50  22043.0      22366.25  22096.12500  525.558244  20983  23783
4       t      20990.75  21116.0      21282.00  21147.87500  232.243442  20720  21753
5      th      21167.25  21313.0      21477.50  21320.37500  256.489672  20778  21827
6      tl      21772.75  22204.0      22509.75  22228.84375  529.898841  21344  23241
7     tlh      21771.00  22112.0      22390.50  22152.56250  551.730237  21160  23661

ILS improvement rates:
     type  1st_quantile    median  3rd_quantile       mean       std      min      max
0  normal     33.731825  35.96725     37.907750  36.170009  3.345414  31.0859  44.4910
1       h     33.135275  35.16720     37.047900  35.562819  3.283264  29.7829  43.6739
2       l     31.071775  32.26305     34.938500  32.936203  3.127128  27.6502  42.0396
3      lh     30.555175  32.45915     34.528500  32.792525  3.164772  27.6496  41.3058
4       t     33.319475  35.63105     37.285750  35.646100  3.375552  29.8808  43.8809
5      th     31.914875  35.55835     37.399650  35.112050  3.594090  29.5151  42.9724
6      tl     30.420750  32.20750     34.175900  32.386141  3.246827  25.4762  41.5182
7     tlh     30.667475  32.07765     34.076575  32.624372  3.130848  27.1474  41.3999