ILS msec infos:
     type  1st_quantile  median  3rd_quantile       mean        std min  max
0  normal        112.75   124.5        135.25  119.90625  24.159897  64  156
1       h         63.75    73.5         79.25   69.43750  15.214461  32   92
2       l         24.00    26.0         29.00   25.56250   6.430459   8   41
3      lh         25.75    27.5         29.00   26.18750   7.332814   7   50
4       t         97.75   106.5        112.00  102.21875  18.322795  53  128
5      th         58.50    64.5         69.00   61.34375  13.665613  23   78
6      tl         22.75    25.5         26.25   23.71875   5.798968  10   38
7     tlh         21.75    22.5         25.00   22.62500   4.132874  11   31

ILS before costs:
   1st_quantile   median  3rd_quantile         mean          std    min    max
0      55512.75  58021.0      59738.25  57754.46875  2581.320192  53143  63561

ILS after costs:
     type  1st_quantile   median  3rd_quantile         mean         std    min    max
0  normal      42524.25  42704.5      42877.75  42699.71875  332.706616  41968  43529
1       h      42601.25  42943.0      43204.75  42935.84375  352.929501  42120  43580
2       l      44558.75  45102.0      45685.75  45150.81250  740.970786  43986  46764
3      lh      44891.50  45333.0      45755.50  45285.34375  611.252422  43957  46284
4       t      42709.75  42926.0      43062.50  42876.71875  256.000408  42226  43259
5      th      43009.25  43245.0      43390.25  43202.09375  304.565514  42646  43819
6      tl      44701.50  45301.5      45826.00  45376.87500  831.084008  43828  47394
7     tlh      45145.50  45638.0      46123.50  45714.56250  628.730002  44806  47321

ILS improvement rates:
     type  1st_quantile    median  3rd_quantile       mean       std      min      max
0  normal     23.348400  25.53365     28.397925  25.927216  3.268520  20.3790  33.1556
1       h     23.279250  25.25705     27.985125  25.522953  3.173295  19.6997  31.8639
2       l     19.417550  21.69795     24.263050  21.693972  3.204995  15.1842  26.5071
3      lh     19.436025  21.21980     23.796050  21.455622  3.253218  15.3473  27.6128
4       t     23.307400  25.98780     28.375650  25.620037  3.270278  18.9094  32.7780
5      th     22.941250  25.22365     27.531350  25.055112  3.325214  18.6252  31.6027
6      tl     19.281650  21.61745     23.598900  21.309291  3.097905  14.7685  26.5743
7     tlh     17.860700  20.52500     23.536475  20.700750  3.537906  15.0925  27.4476