ILS msec infos:
     type  1st_quantile  median  3rd_quantile       mean        std  min  max
0  normal        227.00   265.0        291.25  258.71875  44.539388  160  335
1       h         88.00    98.0        109.75   98.56250  14.457808   75  123
2       l         39.00    42.0         50.25   43.96875   7.843158   31   61
3      lh         30.00    32.0         37.25   33.15625   5.787135   18   44
4       t        185.75   211.0        227.25  205.87500  32.265781  137  254
5      th         75.75    82.5         95.00   85.15625  13.636075   60  110
6      tl         33.50    36.0         39.25   35.90625   5.281492   24   46
7     tlh         24.75    28.5         33.25   28.71875   5.449086   17   39

ILS before costs:
   1st_quantile   median  3rd_quantile         mean          std    min    max
0      52167.75  52905.5       54845.0  53736.53125  2623.494358  49877  60980

ILS after costs:
     type  1st_quantile   median  3rd_quantile         mean         std    min    max
0  normal      37099.50  37349.0      37449.75  37304.78125  302.574409  36595  38069
1       h      37338.75  37459.5      37608.00  37470.62500  291.339149  36756  38083
2       l      38797.25  39253.0      39826.50  39295.81250  701.177417  38004  41065
3      lh      38976.00  39181.5      39426.25  39314.71875  633.551904  38190  41254
4       t      37381.25  37497.5      37642.00  37503.06250  294.264193  36927  38263
5      th      37426.75  37605.5      37887.25  37631.71875  254.904186  37101  38138
6      tl      39021.25  39478.5      40118.75  39534.65625  613.933306  38643  40620
7     tlh      39302.00  39464.5      40022.75  39577.09375  603.458332  38271  41137

ILS improvement rates:
     type  1st_quantile    median  3rd_quantile       mean       std      min      max
0  normal     27.936450  29.76810     32.109775  30.422284  3.349033  25.2742  39.1908
1       h     28.069050  29.26825     32.137400  30.117500  3.276050  24.4782  37.7484
2       l     24.487050  25.90595     28.813925  26.727341  3.332975  21.9900  35.1944
3      lh     24.384575  25.65440     28.032350  26.685194  3.415020  22.6343  36.6202
4       t     27.654000  29.24080     31.630525  30.060394  3.199024  25.9639  37.7517
5      th     27.712525  28.61505     31.382225  29.810456  3.404885  24.0131  38.6209
6      tl     24.138650  25.62845     28.428300  26.292431  3.058843  21.2367  33.5569
7     tlh     23.974625  25.07715     27.806800  26.204072  3.249965  22.2414  34.6128