ILS msec infos:
     type  1st_quantile  median  3rd_quantile       mean        std  min   max
0  normal        862.00   916.0        967.75  899.87500  98.235645  574  1025
1       h        489.00   520.0        567.50  517.68750  63.111492  315   603
2       l        324.00   339.0        363.25  345.31250  36.534065  249   422
3      lh        268.50   294.5        329.00  295.09375  41.081633  212   385
4       t        790.00   822.5        864.25  805.75000  96.801093  472   954
5      th        464.00   489.5        518.50  482.68750  56.349965  360   576
6      tl        282.75   302.0        331.00  300.81250  37.829360  215   367
7     tlh        236.25   260.5        284.00  258.46875  34.091891  176   331

ILS before costs:
   1st_quantile   median  3rd_quantile         mean          std    min    max
0       83095.5  84455.5       86571.0  84860.84375  2317.337225  81157  89465

ILS after costs:
     type  1st_quantile   median  3rd_quantile         mean         std    min    max
0  normal      55594.75  55864.5      56107.75  55856.12500  379.101038  55077  56606
1       h      55541.50  55890.5      56014.25  55841.50000  353.208611  54941  56889
2       l      55914.25  56229.5      56482.75  56186.03125  452.778767  55156  56971
3      lh      55904.50  56193.5      56523.25  56219.62500  405.289443  55468  57110
4       t      55654.00  55998.5      56329.50  55977.40625  357.459753  55349  56502
5      th      55553.75  55797.5      56124.00  55850.06250  414.264598  55071  56722
6      tl      56116.50  56363.5      56704.50  56390.96875  409.729611  55510  57238
7     tlh      56253.50  56513.0      56829.00  56549.59375  443.226430  55512  57680

ILS improvement rates:
     type  1st_quantile    median  3rd_quantile       mean       std      min      max
0  normal     32.790375  34.33635     35.519850  34.135200  1.717613  31.0411  37.1106
1       h     32.858350  33.86105     35.702575  34.151422  1.746391  31.0103  37.9959
2       l     32.307550  33.25540     35.249775  33.746016  1.753946  31.1691  36.8993
3      lh     32.524175  33.46240     35.112775  33.704181  1.832021  29.8326  36.8208
4       t     32.195000  33.57890     35.507125  33.987625  1.881900  31.1654  37.9702
5      th     32.811800  34.13235     35.419300  34.141109  1.773573  30.9387  37.7466
6      tl     32.097250  33.28680     34.860125  33.502594  1.813003  30.5396  37.0407
7     tlh     31.978000  32.89200     34.806050  33.314241  1.875496  30.4232  37.0782