ILS msec infos:
     type  1st_quantile  median  3rd_quantile       mean         std  min   max
0  normal        853.50   975.0        996.00  924.12500  115.277435  617  1103
1       h        516.25   596.0        640.25  574.18750  102.037766  251   697
2       l        287.50   312.5        333.00  307.50000   37.633204  198   371
3      lh        256.25   291.0        303.50  283.12500   34.365915  212   340
4       t        694.00   790.5        819.25  754.87500   81.721301  544   874
5      th        462.00   527.5        555.25  510.09375   67.392141  326   604
6      tl        229.00   251.5        267.00  246.81250   29.299827  168   314
7     tlh        233.75   248.5        266.25  244.31250   33.172509  117   291

ILS before costs:
   1st_quantile   median  3rd_quantile        mean          std    min    max
0      35163.25  36785.5       37596.0  36510.6875  1716.907017  33220  40548

ILS after costs:
     type  1st_quantile   median  3rd_quantile         mean         std    min    max
0  normal      23322.00  23393.0      23665.75  23477.00000  240.760623  23133  23927
1       h      23364.00  23531.0      23681.75  23530.75000  257.978619  23003  24023
2       l      23505.75  23699.0      23938.75  23717.03125  298.759854  23120  24434
3      lh      23487.00  23833.0      23975.25  23780.03125  324.176623  23244  24505
4       t      23377.25  23511.5      23652.00  23489.34375  188.465383  23040  23769
5      th      23369.50  23552.0      23687.50  23561.09375  239.673213  23051  23983
6      tl      23684.75  23835.5      24114.50  23861.50000  302.668135  23142  24512
7     tlh      23680.50  23906.0      24033.50  23923.96875  321.918992  23441  24755

ILS improvement rates:
     type  1st_quantile    median  3rd_quantile       mean       std      min      max
0  normal     33.165325  35.49785     37.681775  35.562597  3.051505  29.7140  42.3917
1       h     32.760850  36.03225     37.390700  35.408778  3.197696  29.4822  42.6901
2       l     32.487050  35.08725     37.068375  34.915878  2.853595  29.1902  41.0649
3      lh     32.455500  34.85975     36.422650  34.742587  2.884617  28.9645  40.3744
4       t     32.884275  36.29925     37.588625  35.527734  3.052860  29.7381  41.3954
5      th     32.611150  35.20450     37.549300  35.328316  3.130647  29.0999  43.1513
6      tl     32.473500  34.37335     36.952500  34.510334  3.066835  28.6635  42.0465
7     tlh     31.755650  34.76865     36.802425  34.341316  3.048916  28.1728  39.7963