ILS msec infos:
     type  1st_quantile  median  3rd_quantile       mean         std  min  max
0  normal        737.75   791.5        822.00  764.50000   99.166852  464  905
1       h        574.50   635.0        679.25  629.37500   81.155267  441  796
2       l        136.25   155.0        169.75  155.09375   22.956283  113  202
3      lh        139.00   161.0        178.75  165.93750   36.810708   97  251
4       t        634.50   679.5        715.75  668.68750  106.682960  353  859
5      th        531.50   573.0        620.50  569.62500   72.503949  385  683
6      tl        133.00   140.5        151.50  141.00000   16.813973  107  171
7     tlh        123.50   130.5        147.50  136.37500   22.821538  107  220

ILS before costs:
   1st_quantile    median  3rd_quantile         mean          std     min     max
0     127422.75  129294.0      130527.5  129100.8125  2855.492776  124343  136455

ILS after costs:
     type  1st_quantile   median  3rd_quantile         mean         std    min    max
0  normal      93451.50  93603.0      93996.50  93720.68750  373.436563  93094  94466
1       h      93478.75  93760.0      94041.75  93776.96875  358.008694  93223  94472
2       l      94603.75  94893.5      95106.50  94898.59375  405.766011  94242  96017
3      lh      94732.75  95152.0      95420.00  95111.68750  540.777543  93987  96860
4       t      93599.50  93828.0      94084.25  93854.37500  308.482420  93296  94357
5      th      93619.00  93901.0      94326.75  93976.18750  434.909515  93050  94952
6      tl      94709.25  94999.5      95283.00  95001.50000  499.558838  93881  95918
7     tlh      94893.25  95116.5      95385.50  95155.40625  427.318636  94295  96209

ILS improvement rates:
     type  1st_quantile    median  3rd_quantile       mean       std      min      max
0  normal     26.532600  27.36870     28.415100  27.371675  1.585822  24.4457  31.1077
1       h     26.495850  27.37535     28.141425  27.327644  1.604310  24.0231  31.1004
2       l     25.642950  26.27140     27.383575  26.458075  1.642098  23.4416  30.8263
3      lh     25.321925  26.39530     27.230100  26.295600  1.546314  23.5296  30.0773
4       t     26.355800  27.19605     28.335150  27.267812  1.590716  24.3970  30.9934
5      th     26.193800  27.43655     27.889075  27.173950  1.586888  24.3809  30.6885
6      tl     25.371225  26.19970     27.541975  26.377463  1.699143  23.4500  30.5449
7     tlh     25.205900  26.24495     27.266675  26.259647  1.625726  23.3684  30.1924