ILS msec infos:
     type  1st_quantile  median  3rd_quantile        mean         std   min   max
0  normal       1417.50  1544.0       1642.00  1534.31250  207.171028  1025  1968
1       h       1067.00  1173.5       1252.25  1163.96875  175.614219   794  1467
2       l        641.75   740.0        812.25   729.68750  117.707247   432   922
3      lh        627.75   665.0        761.00   676.90625  125.741506   309   930
4       t       1280.50  1413.5       1484.25  1373.78125  157.573687  1007  1592
5      th        882.25   995.5       1083.25   984.68750  142.549921   731  1254
6      tl        569.00   659.5        722.25   639.84375  115.482748   398   862
7     tlh        518.25   581.0        692.50   601.12500  145.294306   332  1032

ILS before costs:
   1st_quantile   median  3rd_quantile     mean          std    min     max
0       96035.5  97423.5      99827.75  97601.0  2664.738854  91467  101832

ILS after costs:
     type  1st_quantile   median  3rd_quantile         mean          std    min    max
0  normal      62422.50  62901.5      63554.50  62756.71875  1012.043357  60415  64248
1       h      62775.25  63352.0      63668.50  63037.84375  1051.706359  60445  64643
2       l      62121.75  63355.0      64029.75  63075.43750  1166.540514  60414  64944
3      lh      62641.50  63189.5      63812.25  63080.37500  1078.842861  60346  64992
4       t      62546.50  63017.5      63405.25  62904.75000   887.361657  60741  64392
5      th      62061.50  63350.0      63625.00  62899.03125  1097.658666  60833  65077
6      tl      62456.25  63441.5      64015.75  63060.12500  1146.344309  60669  64232
7     tlh      62804.00  63697.0      64044.50  63249.03125  1152.589133  60681  64539

ILS improvement rates:
     type  1st_quantile    median  3rd_quantile       mean       std      min      max
0  normal     34.144950  35.46350     37.536700  35.648478  2.220427  31.3468  39.7912
1       h     33.833000  35.18465     36.864950  35.362638  2.178169  29.8436  40.5116
2       l     33.445025  35.42680     36.769900  35.322825  2.264737  31.9690  40.0874
3      lh     33.770675  34.77535     37.205825  35.317750  2.226982  29.9824  39.1741
4       t     33.658450  35.77605     37.333950  35.498175  2.128920  31.3446  38.9388
5      th     33.725225  35.66755     37.055825  35.501594  2.294807  30.3476  39.9635
6      tl     33.379375  36.13635     36.789425  35.340966  2.186084  32.0771  39.7882
7     tlh     33.507975  35.09465     36.673275  35.140672  2.393413  29.7462  40.0303