ILS msec infos:
     type  1st_quantile  median  3rd_quantile        mean         std   min   max
0  normal       3050.75  3592.0       3840.50  3428.37500  544.757700  1910  4174
1       h       1980.75  2225.5       2355.75  2118.46875  351.698183  1283  2622
2       l       1634.25  1863.0       2082.00  1823.37500  272.645197  1213  2205
3      lh       1542.75  1689.0       1754.25  1598.03125  261.396434   934  1896
4       t       2808.25  3133.0       3351.00  2981.31250  526.515719  1521  3639
5      th       1522.25  1840.0       2013.25  1760.40625  317.878335   999  2146
6      tl       1254.25  1492.0       1643.75  1436.18750  251.680345   717  1800
7     tlh       1157.00  1376.5       1517.75  1326.56250  245.932319   828  1758

ILS before costs:
   1st_quantile   median  3rd_quantile       mean          std    min    max
0       31706.0  32840.0       34993.5  33579.875  2422.694271  30153  42716

ILS after costs:
     type  1st_quantile   median  3rd_quantile         mean         std    min    max
0  normal      21319.50  21513.5      21683.00  21571.93750  399.810595  21033  22912
1       h      21285.00  21402.0      21653.50  21503.84375  332.822932  20981  22721
2       l      21337.50  21483.0      21716.50  21550.78125  305.784421  21011  22354
3      lh      21350.00  21530.0      21669.75  21529.00000  248.864129  21070  21980
4       t      21360.50  21484.5      21739.75  21581.68750  334.714075  21125  22786
5      th      21394.50  21557.5      21769.25  21627.90625  356.880784  21182  22709
6      tl      21331.25  21418.5      21648.75  21561.09375  337.566563  21230  22611
7     tlh      21408.25  21588.5      21757.50  21585.43750  240.984531  21069  22147

ILS improvement rates:
     type  1st_quantile    median  3rd_quantile       mean       std      min      max
0  normal     33.083750  34.52625     38.432100  35.507562  3.784387  28.4482  46.3620
1       h     32.787600  34.41740     37.638425  35.684269  4.076642  29.2210  50.2013
2       l     32.156650  34.43395     38.448075  35.525644  4.372856  29.4133  49.3609
3      lh     32.178725  34.63100     38.731125  35.605225  4.127444  29.4996  49.1385
4       t     32.773400  34.38070     37.532725  35.463909  3.923686  28.9192  48.6071
5      th     32.878175  34.60500     37.079900  35.330434  3.854577  29.4233  49.0144
6      tl     32.475400  34.63080     38.051875  35.489519  4.487699  28.9355  49.1174
7     tlh     32.181100  34.49785     38.666500  35.420938  4.367387  29.0983  49.2743