ILS msec infos:
     type  1st_quantile  median  3rd_quantile        mean         std   min   max
0  normal       1478.00  1596.0       1682.50  1547.21875  183.728540   998  1772
1       h        914.50  1005.5       1097.50   992.25000  127.611305   687  1203
2       l        627.25   717.0        754.00   688.96875   89.776958   497   811
3      lh        572.25   626.0        670.25   614.28125   76.462613   410   749
4       t       1243.50  1353.0       1452.00  1337.78125  150.427291  1047  1585
5      th        804.25   894.5        992.50   890.62500  128.305017   578  1116
6      tl        569.00   620.5        668.00   612.37500   79.570521   434   752
7     tlh        505.00   530.5        565.25   528.96875   53.351835   380   620

ILS before costs:
   1st_quantile   median  3rd_quantile     mean          std    min    max
0       93690.5  95074.0       96239.0  95096.0  1476.054221  92881  98163

ILS after costs:
     type  1st_quantile   median  3rd_quantile         mean         std    min    max
0  normal      70051.25  70381.0      70711.00  70415.71875  491.148111  69429  71744
1       h      70125.75  70378.0      70875.00  70478.53125  465.061563  69789  71451
2       l      70175.50  70692.0      70939.50  70579.00000  490.658083  69817  71668
3      lh      70302.25  70790.5      70998.50  70665.84375  477.026550  69558  71563
4       t      70305.50  70633.5      70877.50  70596.37500  404.670934  69805  71279
5      th      70411.00  70638.0      70842.25  70621.37500  330.698942  69884  71440
6      tl      70388.50  70732.0      70807.50  70655.65625  429.538132  69885  71946
7     tlh      70620.00  70848.5      71050.50  70833.90625  419.863677  69815  71651

ILS improvement rates:
     type  1st_quantile    median  3rd_quantile       mean       std      min      max
0  normal     25.003950  25.70865     26.892625  25.936178  1.231605  24.1545  28.2118
1       h     25.131625  25.75565     26.839500  25.870159  1.221354  23.1924  28.1583
2       l     24.825775  25.76585     26.536075  25.764041  1.260021  23.5183  27.9656
3      lh     24.891875  25.54770     26.581900  25.673675  1.194750  23.5355  28.3640
4       t     24.809750  25.93305     26.581500  25.745497  1.243171  23.4849  28.0095
5      th     24.909725  25.61790     26.570125  25.721159  1.089103  23.5300  27.8284
6      tl     24.645050  25.61655     26.615550  25.684019  1.198464  23.6180  27.8262
7     tlh     24.597475  25.45225     26.384600  25.497016  1.166345  23.2711  27.8740