ILS msec infos:
     type  1st_quantile  median  3rd_quantile       mean         std  min   max
0  normal        692.75   770.5        888.75  780.40625  156.668308  410  1136
1       h        344.00   370.0        420.00  369.50000   66.070832  214   495
2       l        176.50   218.0        258.50  219.93750   49.544335  141   324
3      lh        185.75   207.0        246.50  217.00000   45.771522  137   336
4       t        645.75   695.0        732.75  683.62500   73.332539  473   810
5      th        311.75   334.5        356.50  328.31250   52.550091  165   428
6      tl        167.75   206.5        233.75  204.43750   39.824565  122   266
7     tlh        169.00   195.5        226.00  200.84375   45.736348  123   334

ILS before costs:
   1st_quantile    median  3rd_quantile          mean          std     min     max
0     130106.75  132122.0     133990.75  132249.84375  3684.377306  122676  142591

ILS after costs:
     type  1st_quantile    median  3rd_quantile          mean         std     min     max
0  normal      98853.00   99080.5      99445.50   99131.28125  347.945142   98528   99767
1       h      99289.75   99505.0      99797.75   99534.21875  341.008441   98918  100297
2       l     100453.25  100746.5     100970.00  100762.06250  505.191049   99623  101949
3      lh     100786.25  101118.0     101443.00  101135.59375  537.892234   99902  102511
4       t      98997.50   99124.5      99304.25   99116.65625  284.094783   98427   99725
5      th      99496.50   99758.5      99852.00   99667.18750  300.881976   98803  100235
6      tl     100570.00  100999.5     101340.50  100998.87500  567.325801   99733  102149
7     tlh     100872.75  101342.5     101794.50  101385.53125  577.224895  100338  102387

ILS improvement rates:
     type  1st_quantile    median  3rd_quantile       mean       std      min      max
0  normal     24.041375  25.07375     26.093025  24.986497  2.089979  19.2621  30.5643
1       h     23.530725  24.89750     25.688125  24.681028  2.119147  19.0363  30.2831
2       l     22.664125  23.84890     24.888050  23.754537  2.066044  17.8625  29.1800
3      lh     22.476200  23.75745     24.424925  23.468831  2.191716  17.3123  29.4016
4       t     23.717600  25.36760     26.111950  24.998338  2.057177  19.5238  30.2389
5      th     23.545200  24.62130     25.571650  24.580444  2.118095  18.7421  30.1786
6      tl     22.338400  23.72255     24.508100  23.574437  2.110124  17.6603  29.3328
7     tlh     22.113325  23.45765     24.289075  23.280178  2.192113  16.6341  29.0418