ILS msec infos:
     type  1st_quantile  median  3rd_quantile       mean         std  min   max
0  normal        703.25   749.0        848.50  800.25000  177.152021  477  1394
1       h        348.25   374.5        432.25  397.50000   93.169287  259   662
2       l        370.50   398.0        501.00  437.53125  119.032927  198   779
3      lh        330.00   396.5        449.50  391.09375   86.075121  205   569
4       t        615.00   699.5        811.50  723.25000  146.966531  481  1105
5      th        329.75   385.0        448.00  394.15625   84.442807  262   622
6      tl        338.75   368.0        398.25  374.93750   73.688944  239   538
7     tlh        304.00   348.5        411.25  355.31250   85.326106  210   583

ILS before costs:
   1st_quantile    median  3rd_quantile          mean          std     min     max
0     241254.75  244103.5     246232.75  244094.40625  3304.229712  237721  251826

ILS after costs:
     type  1st_quantile    median  3rd_quantile          mean          std     min     max
0  normal     196662.00  197041.5     197382.00  197047.25000   530.323395  195967  198291
1       h     199422.50  199705.0     200212.25  199856.12500   717.529442  198449  202246
2       l     204582.00  205583.5     206508.00  205507.65625  1280.507198  202569  207540
3      lh     207616.50  208345.5     209441.50  208420.46875  1434.853302  204880  211980
4       t     196905.75  197137.5     197367.75  197087.34375   494.156212  195626  197886
5      th     199601.50  200087.5     200334.75  199947.15625   618.139514  198385  201475
6      tl     204794.75  205987.0     206765.75  205797.18750  1328.447929  202988  208430
7     tlh     207614.25  209021.0     209684.75  208710.46875  1376.558378  204950  211140

ILS improvement rates:
     type  1st_quantile    median  3rd_quantile       mean       std      min      max
0  normal     18.206400  19.33210     19.993550  19.260050  1.097630  17.1945  21.7074
1       h     17.065425  18.31375     18.893875  18.108541  1.174204  15.4172  20.6420
2       l     14.948400  15.83230     16.377600  15.796409  1.007655  13.9325  17.5860
3      lh     13.797275  14.56610     15.353875  14.601856  1.138080  12.4848  17.0987
4       t     18.253825  19.30305     20.012250  19.243744  1.086894  17.0094  21.6332
5      th     17.346600  18.01535     18.923450  18.071666  1.135131  15.2473  20.4054
6      tl     14.956300  15.66655     16.355000  15.677703  1.024535  14.0303  17.4517
7     tlh     13.682275  14.54765     15.154950  14.484594  0.998601  12.5176  16.4209