ILS msec infos:
     type  1st_quantile  median  3rd_quantile       mean         std  min   max
0  normal        493.75   620.0        947.00  775.65625  359.689347  366  1582
1       h        394.25   594.5        928.00  748.68750  486.102633  262  2621
2       l        314.75   512.5        770.25  560.06250  285.678811  175  1299
3      lh        380.50   496.0        830.00  665.68750  405.046587  174  1748
4       t        573.00   867.5       1153.50  892.12500  424.057342  376  2299
5      th        435.25   623.5        992.50  772.84375  457.129339  311  2126
6      tl        340.75   612.0        772.75  633.71875  338.690099  203  1468
7     tlh        357.25   668.5        871.00  666.53125  353.006350  252  1437

ILS before costs:
   1st_quantile    median  3rd_quantile          mean          std     min     max
0     187856.75  190365.5      191503.0  189789.40625  2890.133425  183504  195483

ILS after costs:
     type  1st_quantile    median  3rd_quantile          mean          std     min     max
0  normal     163064.75  163584.5     164606.00  163787.62500  1136.658707  161125  166117
1       h     164126.50  164869.0     165738.25  164964.46875  1457.769927  161632  168175
2       l     169890.75  171317.0     172508.75  171260.68750  2206.394277  165823  175756
3      lh     170860.50  172160.5     174409.25  172303.56250  2553.022711  166542  177752
4       t     162833.00  163720.0     164547.50  163774.96875  1153.996380  161529  166119
5      th     164229.25  164874.0     165634.50  164938.06250  1352.262642  162037  167654
6      tl     169843.25  171297.5     172814.50  171265.34375  2297.993565  165956  175493
7     tlh     171250.50  172198.0     173648.50  172499.81250  2578.246772  166389  177116

ILS improvement rates:
     type  1st_quantile     median  3rd_quantile       mean       std       min      max
0  normal     12.869675  13.835650     14.516375  13.686309  1.062517  11.84030  15.6853
1       h     12.228650  13.237050     13.640850  13.067125  1.090490  10.97550  15.9148
2       l      9.139333   9.843655     10.324025   9.755130  0.943040   7.76167  12.0369
3      lh      8.363313   9.106230      9.801118   9.207163  1.018961   7.63134  12.0027
4       t     12.858375  13.816800     14.471550  13.693150  1.054097  11.79430  15.6720
5      th     12.302475  13.232150     13.826525  13.080922  1.063324  10.90880  15.5321
6      tl      9.035473   9.620520     10.299050   9.753211  0.949169   8.15956  12.2681
7     tlh      8.413158   9.087420      9.591492   9.103774  1.034672   7.13279  11.8183