ILS msec infos:
     type  1st_quantile  median  3rd_quantile        mean         std   min   max
0  normal       2447.25  2711.5       2882.25  2627.84375  389.553517  1428  3201
1       h       1267.75  1377.5       1490.75  1326.87500  185.313118   916  1587
2       l        549.50   623.0        656.50   603.18750  101.210556   369   801
3      lh        512.50   567.5        590.00   546.53125   64.429499   356   631
4       t       2206.25  2413.0       2540.25  2374.53125  287.814006  1538  2924
5      th       1092.00  1183.5       1254.00  1165.18750  140.701339   776  1396
6      tl        480.25   514.5        536.50   507.75000   54.617733   361   615
7     tlh        435.50   458.5        485.25   455.25000   38.317856   350   509

ILS before costs:
   1st_quantile   median  3rd_quantile         mean          std    min    max
0      74721.75  76421.0      78506.75  76610.71875  3227.034534  69642  83791

ILS after costs:
     type  1st_quantile   median  3rd_quantile         mean         std    min    max
0  normal      46833.75  47095.5      47440.50  47167.03125  401.644722  46519  48228
1       h      46920.25  47198.5      47399.75  47209.00000  446.965540  46130  48126
2       l      47031.50  47318.0      47618.25  47339.50000  419.316648  46616  48227
3      lh      47099.50  47340.0      47498.25  47310.28125  350.762049  46636  48240
4       t      46995.50  47304.0      47558.25  47291.15625  411.566802  46409  48220
5      th      46974.00  47242.5      47469.25  47190.40625  434.916296  46092  48112
6      tl      47255.25  47560.5      47732.75  47494.90625  356.101776  46862  48237
7     tlh      47058.75  47451.0      47765.00  47425.90625  445.952938  46734  48255

ILS improvement rates:
     type  1st_quantile    median  3rd_quantile       mean       std      min      max
0  normal     36.665075  38.39600     39.955450  38.334875  2.448034  32.9801  43.5691
1       h     36.651225  38.45365     39.677125  38.273059  2.647052  31.8989  43.6348
2       l     36.729900  38.29885     39.799400  38.106303  2.532841  32.5594  43.6121
3      lh     36.635400  38.45470     39.945450  38.141913  2.596276  32.0109  43.1789
4       t     36.897800  38.42540     39.554875  38.171587  2.492709  32.3856  42.6657
5      th     36.465675  38.49275     39.859475  38.293594  2.725439  31.8400  44.0369
6      tl     36.328225  38.18805     39.458950  37.894572  2.746936  31.6059  43.9832
7     tlh     36.362100  38.09615     39.626275  37.994603  2.522164  32.5156  42.7838