ILS msec infos:
     type  1st_quantile  median  3rd_quantile        mean         std   min   max
0  normal       1566.50  1682.0       1786.00  1692.90625  186.195243  1345  2242
1       h        753.50   842.5        932.25   830.43750  118.860704   485   987
2       l        266.75   317.0        359.00   305.28125   73.712272   168   454
3      lh        230.75   278.0        315.25   270.37500   52.846552   159   365
4       t       1398.75  1498.0       1573.50  1498.37500  158.411011  1120  1888
5      th        605.00   709.5        793.75   693.78125  115.186170   476   865
6      tl        214.50   283.5        309.75   267.81250   65.012871   146   366
7     tlh        187.50   252.0        280.75   240.18750   56.551682   152   339

ILS before costs:
   1st_quantile   median  3rd_quantile         mean          std    min     max
0       96384.5  98215.5     101660.25  98902.53125  3589.921609  91955  108371

ILS after costs:
     type  1st_quantile   median  3rd_quantile         mean         std    min    max
0  normal      65343.00  65937.5      66210.50  65838.78125  649.567684  64703  67170
1       h      65594.00  66110.5      66433.00  66066.68750  620.497898  65042  67540
2       l      66226.50  66754.5      67452.25  66769.28125  710.382461  65606  68033
3      lh      66267.25  66954.0      67189.25  66823.12500  641.440705  65686  68168
4       t      65888.50  66261.5      66553.75  66170.84375  626.805218  64776  67367
5      th      65847.75  66347.0      66822.00  66337.93750  638.619324  65123  67421
6      tl      66530.25  66872.0      67241.50  66863.59375  710.580038  65325  68512
7     tlh      66745.50  67119.0      67772.50  67166.68750  745.753892  65803  68660

ILS improvement rates:
     type  1st_quantile    median  3rd_quantile       mean       std      min      max
0  normal     31.562725  33.19550     35.020550  33.353219  2.288446  29.5090  39.0584
1       h     31.407275  32.83980     34.884275  33.125353  2.206310  28.6673  37.6771
2       l     30.909925  31.96360     33.719825  32.415569  2.204028  28.6542  38.2095
3      lh     30.903800  31.74265     33.914325  32.360306  2.213677  28.4933  37.5922
4       t     31.435200  32.59020     34.672775  33.018016  2.268809  28.2703  38.6404
5      th     30.682325  32.70470     34.599300  32.842272  2.464307  28.8043  38.8185
6      tl     30.444925  31.93560     33.456075  32.317134  2.295624  28.7151  37.9566
7     tlh     30.285875  31.94685     33.328000  32.013009  2.242013  28.4400  37.6521