ILS msec infos:
     type  1st_quantile  median  3rd_quantile        mean         std   min   max
0  normal       2608.75  2778.5       3034.50  2783.81250  333.465328  1465  3246
1       h       1412.50  1575.5       1661.00  1537.87500  169.648165  1059  1768
2       l        670.75   728.5        786.25   728.40625   77.776296   512   865
3      lh        645.00   683.5        729.00   676.09375   94.887152   446   883
4       t       2307.75  2486.5       2559.75  2438.93750  216.843326  2045  2885
5      th       1297.00  1373.5       1499.75  1363.53125  162.726365   977  1620
6      tl        584.50   621.0        679.25   629.78125   64.020528   517   752
7     tlh        551.75   608.0        659.25   603.84375   75.929131   404   726

ILS before costs:
   1st_quantile    median  3rd_quantile          mean          std     min     max
0     110878.75  113759.0      115608.0  113499.78125  3233.879172  106279  118527

ILS after costs:
     type  1st_quantile   median  3rd_quantile         mean         std    min    max
0  normal      73531.00  73907.5      74149.75  73902.59375  644.677006  72841  75558
1       h      73537.50  73856.5      74221.75  73976.00000  660.749477  72843  76167
2       l      74384.00  74663.0      74998.00  74792.43750  778.144026  73268  77416
3      lh      74835.25  75065.0      75495.00  75212.75000  713.876604  73717  77573
4       t      73469.00  73746.5      74073.00  73766.84375  434.120327  72992  74811
5      th      73876.50  73989.0      74288.75  74152.06250  488.542859  73608  75721
6      tl      74393.50  74885.0      75169.75  74932.53125  947.022668  73558  78082
7     tlh      74834.25  75073.5      75602.25  75250.06250  595.854006  74445  77041

ILS improvement rates:
     type  1st_quantile    median  3rd_quantile       mean       std      min      max
0  normal     33.710275  35.30980     36.179075  34.839238  1.836802  30.1894  37.6154
1       h     33.461900  34.94770     36.250850  34.771703  1.940237  30.2421  37.9939
2       l     32.467950  34.28755     35.450500  34.051869  1.996496  28.5089  37.1093
3      lh     32.155100  34.00825     35.065425  33.682909  1.924204  28.9869  36.6932
4       t     33.461000  35.35300     36.349500  34.956725  1.866410  30.2524  37.9787
5      th     33.149275  34.90175     35.991700  34.617806  1.855472  30.4463  37.4497
6      tl     32.277525  34.09205     35.511650  33.924331  2.181677  28.8288  37.4936
7     tlh     31.824975  34.08285     34.894275  33.648506  1.945601  29.3398  36.8616