ILS msec infos:
     type  1st_quantile  median  3rd_quantile        mean         std   min   max
0  normal       6032.50  6665.5       7035.25  6573.62500  736.820710  4238  7677
1       h       3793.75  4176.5       4551.75  4112.31250  544.643739  2837  4894
2       l       2901.25  3092.0       3456.50  3136.50000  428.332476  2256  4002
3      lh       2522.25  2756.0       2976.50  2707.43750  413.717992  1632  3435
4       t       5546.25  6364.0       6811.00  6091.50000  847.358552  4332  7183
5      th       3318.50  3713.5       4014.25  3629.34375  496.463598  2186  4385
6      tl       2452.75  2659.5       2837.25  2660.40625  333.023477  2063  3359
7     tlh       2226.50  2318.0       2554.75  2319.28125  292.536211  1587  2671

ILS before costs:
   1st_quantile    median  3rd_quantile      mean          std     min     max
0      115503.5  116936.0     118205.25  116793.5  2140.841951  113520  121257

ILS after costs:
     type  1st_quantile   median  3rd_quantile         mean         std    min    max
0  normal      70387.25  70613.0      70794.75  70634.15625  427.160249  69607  71495
1       h      70168.00  70498.5      70877.75  70571.53125  589.008515  69435  72437
2       l      70439.25  70642.0      71111.50  70705.56250  575.314665  69265  71846
3      lh      70426.00  70798.5      71397.75  70906.00000  591.067050  70078  72427
4       t      70473.50  70686.0      71252.75  70813.25000  607.670698  69461  71991
5      th      70390.00  70694.0      71190.50  70831.25000  591.812579  69982  72468
6      tl      70403.50  70650.5      71319.00  70847.06250  599.557791  70088  72565
7     tlh      70403.25  70826.5      71240.75  70882.65625  623.227013  69694  72338

ILS improvement rates:
     type  1st_quantile    median  3rd_quantile       mean       std      min      max
0  normal     38.787700  39.59215     40.239725  39.503428  1.118307  37.3233  41.6156
1       h     38.816075  39.50290     40.280900  39.556812  1.180040  37.4275  42.4033
2       l     38.602150  39.55590     40.305425  39.444463  1.043111  37.4020  41.1605
3      lh     38.716450  39.42850     40.106800  39.269900  1.215028  36.2624  41.1627
4       t     38.464475  39.34790     40.129125  39.348103  1.276332  37.0020  42.0652
5      th     38.761700  39.32590     40.109700  39.336294  1.080903  37.2068  41.6916
6      tl     38.499500  39.02020     40.064750  39.320384  1.210299  36.9547  41.9547
7     tlh     38.269350  39.30155     40.059250  39.290662  1.182282  36.7902  41.4848