ILS msec infos:
     type  1st_quantile  median  3rd_quantile        mean          std   min    max
0  normal       8818.50  9585.5      10053.25  9329.28125  1071.888512  6417  10778
1       h       5154.75  5677.5       6142.00  5479.78125   970.573616  1804   6580
2       l       4726.50  5063.0       5509.75  5067.59375   670.164537  3722   6477
3      lh       4271.75  4480.0       4944.75  4533.03125   587.778018  2335   5558
4       t       7939.75  8348.0       8937.00  8286.56250   834.467995  6000   9479
5      th       4802.75  5029.0       5398.75  5019.65625   479.759994  3665   5699
6      tl       4019.50  4627.0       5061.00  4501.18750   734.231942  2728   5672
7     tlh       3827.25  4023.0       4349.25  4012.50000   618.025315  2036   5113

ILS before costs:
   1st_quantile   median  3rd_quantile       mean          std    min    max
0       73822.0  75523.0      76111.25  75482.875  1998.448701  72749  80350

ILS after costs:
     type  1st_quantile   median  3rd_quantile         mean         std    min    max
0  normal      47746.75  47989.0      48333.75  48037.56250  468.140518  47165  49187
1       h      47672.25  47925.0      48224.00  47986.40625  401.766572  47300  49121
2       l      47659.00  47991.5      48158.25  47982.34375  483.781850  47153  49513
3      lh      47698.50  48003.5      48287.75  48011.25000  422.617649  47280  48991
4       t      47771.25  48123.5      48281.25  48026.40625  379.683727  47036  48710
5      th      47684.25  48077.5      48160.25  47972.84375  379.534274  46996  48725
6      tl      47687.75  48076.0      48396.00  48021.78125  420.375618  47142  48807
7     tlh      47834.00  47981.5      48194.00  47965.31250  343.393730  47133  48504

ILS improvement rates:
     type  1st_quantile    median  3rd_quantile       mean       std      min      max
0  normal     35.107300  36.39325     37.087500  36.318934  1.701709  32.8588  40.8961
1       h     35.167775  36.20720     37.220900  36.389181  1.574489  33.6185  39.9988
2       l     35.105100  36.46165     37.340700  36.394400  1.624579  33.0227  39.9660
3      lh     35.258100  36.26645     37.021025  36.357859  1.517125  34.1146  39.9938
4       t     35.143225  36.24355     37.016025  36.336531  1.549648  33.9917  39.9104
5      th     35.196225  36.26930     37.014500  36.408928  1.489920  34.2866  39.6324
6      tl     35.145950  36.33915     37.042975  36.343944  1.511151  34.2645  40.6957
7     tlh     35.123600  36.26445     37.267150  36.416709  1.570142  34.2012  39.8955