ILS msec infos:
     type  1st_quantile  median  3rd_quantile        mean         std   min   max
0  normal       4062.75  4745.0       5063.25  4511.40625  802.825408  2190  5657
1       h       2591.00  2992.0       3111.75  2863.15625  409.207346  2031  3873
2       l       1821.50  2053.5       2313.00  2092.46875  287.417532  1674  2761
3      lh       1712.50  1870.0       2064.25  1871.50000  248.933467  1265  2365
4       t       3853.25  4117.0       4426.25  4089.06250  480.212314  2980  4918
5      th       2465.75  2628.5       2841.00  2597.84375  357.801000  1835  3203
6      tl       1684.75  1898.5       2070.75  1893.50000  260.435615  1422  2395
7     tlh       1607.00  1671.0       1774.50  1683.62500  199.477503  1223  2008

ILS before costs:
   1st_quantile    median  3rd_quantile        mean          std     min     max
0     176785.75  180560.0      184001.5  180072.375  4972.299428  171065  189442

ILS after costs:
     type  1st_quantile    median  3rd_quantile          mean         std     min     max
0  normal     121865.25  122459.0     123014.75  122537.21875  824.476950  121249  124296
1       h     122400.25  122942.0     123302.75  122879.87500  656.013019  121622  123983
2       l     123045.50  123374.5     124023.50  123584.56250  819.751533  122188  125830
3      lh     123027.75  123546.0     124412.50  123637.71875  844.470563  121621  125041
4       t     122386.25  122924.5     123236.50  122841.75000  699.455641  121282  124724
5      th     122521.00  123021.5     123518.75  123005.84375  653.770607  121440  124028
6      tl     122911.50  123442.5     123872.50  123390.21875  760.965801  121765  124707
7     tlh     122853.25  123563.5     124172.25  123476.43750  778.278992  122053  124632

ILS improvement rates:
     type  1st_quantile    median  3rd_quantile       mean       std      min      max
0  normal     30.455650  31.86295     33.643475  31.896291  2.096712  27.7760  35.6574
1       h     30.146900  31.80375     33.205375  31.711891  1.864319  27.6047  35.3702
2       l     30.023200  31.09325     32.989200  31.316722  2.025437  27.2970  35.0397
3      lh     29.933850  31.64250     32.748900  31.287553  2.017366  27.1078  34.5773
4       t     30.701050  31.76640     33.325300  31.733406  1.858845  28.0051  35.1131
5      th     30.365025  31.73600     32.927500  31.640234  1.928341  27.6053  35.4937
6      tl     30.108775  31.46330     32.952475  31.424522  2.022832  27.6351  35.4240
7     tlh     30.011850  31.43455     32.805900  31.375984  2.048269  27.2341  35.2757