ILS msec infos:
     type  1st_quantile   median  3rd_quantile         mean          std    min    max
0  normal      12607.50  13288.0      14162.25  13349.03125  1192.158262  10955  15645
1       h       7802.50   8529.5       8813.25   8295.56250   724.782590   6413   9270
2       l       5990.75   6653.5       6871.50   6421.71875   635.833374   4873   7329
3      lh       5172.50   5414.0       5752.00   5421.43750   451.349227   4578   6401
4       t      11699.25  12494.5      12925.50  12212.37500  1054.417428   9223  13532
5      th       6954.50   7699.5       8002.25   7514.62500   751.039956   5868   8671
6      tl       5300.25   5673.5       5850.75   5514.28125   474.905711   4414   6158
7     tlh       4641.25   4920.5       5267.75   4904.50000   489.347294   3886   5669

ILS before costs:
   1st_quantile    median  3rd_quantile          mean          std     min     max
0      142440.0  145325.5     147787.75  144984.40625  3711.951255  134872  150943

ILS after costs:
     type  1st_quantile   median  3rd_quantile         mean         std    min    max
0  normal      81169.75  81534.0      82258.00  81741.84375  761.924817  80597  83407
1       h      81253.00  81627.0      82242.25  81810.96875  783.441971  80434  83859
2       l      81379.25  81834.0      82216.25  81859.81250  663.685431  80562  83900
3      lh      81761.00  82201.5      82631.50  82200.34375  731.953930  80856  83843
4       t      81405.25  81799.5      82011.00  81783.87500  729.516886  80582  84107
5      th      81470.25  81995.5      82338.00  81889.96875  581.179140  80498  82777
6      tl      81433.50  81811.0      82503.75  81935.59375  670.025414  80875  83246
7     tlh      81728.75  82197.0      82649.50  82234.53125  846.541655  80443  84577

ILS improvement rates:
     type  1st_quantile    median  3rd_quantile       mean       std      min      max
0  normal     42.677525  43.64870     44.912125  43.583581  1.567773  39.9431  46.1735
1       h     42.553950  43.37635     44.803825  43.537097  1.523987  39.9749  46.0856
2       l     42.406925  43.70045     44.692700  43.502500  1.533023  39.8044  46.6275
3      lh     42.374850  43.09495     44.424325  43.269919  1.457123  39.4055  46.1176
4       t     42.655775  43.70150     44.817325  43.553306  1.608324  39.5241  46.2738
5      th     42.863675  43.48315     44.887925  43.479650  1.600160  38.9666  46.4767
6      tl     42.475150  43.35320     44.787900  43.450956  1.505378  39.8986  46.0076
7     tlh     42.112600  43.25445     44.579950  43.246275  1.492317  39.1586  45.4112