ILS msec infos:
     type  1st_quantile  median  3rd_quantile        mean         std   min   max
0  normal       1969.25  2167.5       2290.75  2109.65625  289.451830  1436  2604
1       h       1353.75  1476.5       1534.00  1448.34375  181.428491   958  1797
2       l        446.50   516.0        571.50   506.46875   80.565735   288   626
3      lh        467.75   485.5        521.00   493.25000   64.943648   296   595
4       t       1817.25  1925.0       2002.50  1877.90625  191.255337  1367  2174
5      th       1227.50  1323.0       1417.50  1316.65625  140.145457  1019  1567
6      tl        428.75   468.0        502.25   462.28125   73.199345   269   604
7     tlh        430.50   483.5        523.50   475.37500   85.427483   257   610

ILS before costs:
   1st_quantile    median  3rd_quantile          mean          std     min     max
0     274949.75  277988.5      280449.0  278058.28125  4180.224182  270056  287142

ILS after costs:
     type  1st_quantile    median  3rd_quantile          mean         std     min     max
0  normal     201500.25  201818.5     202070.50  201813.21875  547.636254  200562  203051
1       h     201663.50  202037.5     202267.25  201966.84375  461.510920  201049  202943
2       l     203503.50  204108.5     204406.75  203988.00000  755.717604  202443  205431
3      lh     203681.00  204081.0     204547.75  204123.43750  559.139831  203210  205502
4       t     201680.25  202075.5     202289.00  201994.75000  495.042781  200894  203035
5      th     201842.00  202133.5     202362.00  202060.59375  421.654947  201007  202927
6      tl     204060.00  204394.5     204732.50  204385.68750  583.892469  202942  205693
7     tlh     203870.25  204473.5     204694.50  204335.50000  656.779386  202931  205462

ILS improvement rates:
     type  1st_quantile    median  3rd_quantile       mean       std      min      max
0  normal     26.549875  27.40095     27.876650  27.404747  1.101422  25.2618  29.9469
1       h     26.494350  27.50205     27.819900  27.350122  1.053791  24.9645  29.6714
2       l     25.814850  26.64320     27.401325  26.622359  1.134942  24.4734  29.1215
3      lh     25.799950  26.61825     27.448150  26.573625  1.120982  24.5079  29.1089
4       t     26.375650  27.47800     27.823100  27.339666  1.084786  25.1766  29.5822
5      th     26.509600  27.33845     28.008625  27.316091  1.072219  25.5168  29.6794
6      tl     25.698775  26.57130     27.051750  26.479306  1.124402  24.2216  28.5061
7     tlh     25.510900  26.64240     27.157425  26.497572  1.114791  24.3675  28.7022