ILS msec infos:
     type  1st_quantile   median  3rd_quantile         mean          std    min    max
0  normal      19738.75  21333.0      22514.00  20908.68750  2506.314405  12129  24358
1       h      17017.75  18709.0      20428.00  18566.43750  2293.601984  13573  21912
2       l       9848.75  10620.5      11210.25  10408.56250  1087.622768   7462  11807
3      lh       9870.50  10740.0      11118.25  10379.81250  1240.325385   7177  12313
4       t      18531.75  19705.0      20853.25  19503.28125  2204.385047  13560  23509
5      th      15606.00  16852.0      18446.50  16561.43750  2478.739117  10320  20951
6      tl       9107.25   9559.0      10538.75   9699.40625  1103.761658   7163  11413
7     tlh       8842.50   9435.5       9859.25   9351.53125   771.655237   7741  10758

ILS before costs:
   1st_quantile    median  3rd_quantile          mean          std     min     max
0      116990.0  119506.0      122200.5  119701.15625  3686.766798  112230  126415

ILS after costs:
     type  1st_quantile   median  3rd_quantile         mean         std    min    max
0  normal      61818.75  62162.0      62467.75  62195.90625  521.878021  61296  63346
1       h      61886.50  62238.0      62724.25  62329.06250  663.249330  61054  64354
2       l      61952.00  62266.5      62635.00  62335.43750  616.723022  61239  64300
3      lh      61834.25  62215.5      62511.25  62299.21875  848.369660  60894  64395
4       t      61776.50  62127.0      62483.50  62192.46875  689.796603  61087  63688
5      th      61901.25  62375.0      62966.75  62433.53125  826.008552  60963  64284
6      tl      62046.00  62410.0      62683.00  62401.71875  594.105521  61284  64023
7     tlh      61719.25  62055.0      62577.00  62209.28125  703.851168  61001  63710

ILS improvement rates:
     type  1st_quantile    median  3rd_quantile       mean       std      min      max
0  normal     46.938950  48.06915     49.078425  47.993216  1.652461  45.0994  50.8484
1       h     46.788125  48.12385     49.091150  47.882178  1.678022  44.9122  51.4663
2       l     46.624225  48.01400     48.941950  47.871019  1.844989  44.2726  51.1900
3      lh     46.963225  47.93425     49.119850  47.909113  1.679573  44.2726  50.5314
4       t     46.955775  48.29260     49.090875  47.995516  1.717214  44.6788  50.8713
5      th     46.851250  47.86085     49.260925  47.793344  1.776056  44.3090  51.2669
6      tl     46.808575  47.89600     49.001425  47.822716  1.625070  44.0560  50.5747
7     tlh     46.630875  48.00215     48.963875  47.985341  1.588677  44.8546  51.0746