ILS msec infos:
     type  1st_quantile  median  3rd_quantile        mean          std   min    max
0  normal       7898.00  8776.0       9232.00  8482.90625  1394.827735  3621  10700
1       h       4558.50  4739.5       5072.00  4763.34375   410.847480  3939   5502
2       l       3954.75  4317.5       4820.50  4317.03125   630.083225  2636   5562
3      lh       3451.50  3889.5       4273.25  3903.56250   556.057315  2406   4996
4       t       7186.25  8126.5       8612.75  7880.21875   992.575332  5283   9290
5      th       4076.00  4553.0       4887.75  4510.75000   638.137411  3328   6350
6      tl       3787.50  4134.5       4355.25  4093.40625   508.048312  2886   5210
7     tlh       3261.75  3484.5       3747.50  3530.90625   376.860662  2969   4600

ILS before costs:
   1st_quantile    median  3rd_quantile         mean          std     min     max
0     153467.75  154591.5     156941.25  155646.8125  3951.316526  150726  166506

ILS after costs:
     type  1st_quantile    median  3rd_quantile          mean         std     min     max
0  normal     105623.75  105979.5     106251.00  106007.18750  479.424214  105023  107001
1       h     105732.00  106010.5     106327.00  106031.00000  486.907224  105296  107034
2       l     106082.50  106416.0     106718.25  106376.21875  525.614217  104955  107701
3      lh     106026.50  106271.5     106508.50  106271.96875  451.993112  105332  107612
4       t     105795.00  106106.5     106329.25  106101.68750  445.398512  105059  107235
5      th     105846.00  106193.0     106485.75  106183.96875  462.915131  105448  107124
6      tl     105984.25  106301.5     106760.75  106337.46875  449.311731  105659  107288
7     tlh     106051.25  106311.5     106630.50  106358.21875  382.375405  105739  107135

ILS improvement rates:
     type  1st_quantile    median  3rd_quantile       mean       std      min      max
0  normal     30.652375  31.58535     32.280500  31.850622  1.729294  29.0852  36.5933
1       h     30.602950  31.60430     32.389675  31.836516  1.683219  29.5025  36.4678
2       l     30.549900  31.22520     32.354325  31.616163  1.627359  28.5452  36.0101
3      lh     30.803950  31.44430     32.144225  31.682300  1.654688  29.0250  36.0185
4       t     30.798650  31.54095     32.167200  31.791728  1.650841  29.2763  36.4245
5      th     30.579450  31.60220     32.242825  31.740134  1.600790  29.6801  36.0473
6      tl     30.642450  31.19490     32.408350  31.637231  1.772777  28.8192  36.4137
7     tlh     30.759250  31.11575     32.078050  31.624581  1.739545  28.9207  36.3266