ILS msec infos:
     type  1st_quantile  median  3rd_quantile        mean         std   min   max
0  normal       2506.50  2842.0       3224.75  2873.81250  424.198709  2152  3657
1       h       1019.00  1239.5       1397.00  1218.31250  280.638838   585  1855
2       l        562.00   703.5        818.50   718.62500  257.459643   340  1682
3      lh        524.50   588.5        778.50   692.87500  293.438761   324  1611
4       t       2270.00  2645.0       2980.75  2681.53125  495.021732  1820  3611
5      th        934.00  1116.0       1303.50  1154.43750  342.041116   541  1845
6      tl        494.75   643.0        966.25   716.06250  257.054775   363  1174
7     tlh        530.75   645.5        841.00   717.40625  269.466601   336  1424

ILS before costs:
   1st_quantile    median  3rd_quantile          mean          std     min     max
0      178323.0  180301.0      182508.0  180566.78125  3330.675004  174056  188035

ILS after costs:
     type  1st_quantile    median  3rd_quantile          mean          std     min     max
0  normal     143082.75  143607.0     144000.25  143542.06250   836.227972  141859  145535
1       h     143336.00  144071.5     144852.00  144145.40625  1075.257054  142440  146671
2       l     144799.50  145223.0     146093.75  145334.46875  1002.821664  143501  147187
3      lh     145875.50  146627.5     147069.75  146517.15625  1130.457062  144385  149171
4       t     143135.75  143582.0     144053.25  143625.31250   895.000322  141945  145632
5      th     143195.25  143985.5     144564.00  144136.75000  1121.590719  142808  146930
6      tl     144745.50  145394.0     145873.25  145394.87500   963.509236  143531  147355
7     tlh     145886.75  146317.5     146928.00  146483.40625  1221.274476  144244  149347

ILS improvement rates:
     type  1st_quantile    median  3rd_quantile       mean       std      min      max
0  normal     19.634875  20.38405     21.325250  20.480375  1.434671  18.1729  23.4999
1       h     19.140475  20.22100     21.008675  20.144528  1.574638  17.1478  23.5605
2       l     18.390150  19.63555     20.380925  19.488888  1.399424  16.2178  22.4638
3      lh     17.846925  19.11220     20.051775  18.831403  1.570067  15.6513  21.5341
4       t     19.636550  20.30830     21.459075  20.433694  1.478198  17.7805  23.4230
5      th     19.197425  20.23150     21.052675  20.150028  1.547716  16.9781  23.5531
6      tl     18.253225  19.55275     20.113025  19.453019  1.526443  16.4912  22.4400
7     tlh     18.178650  19.05365     19.768350  18.852822  1.438100  16.0448  21.5518