ILS msec infos:
     type  1st_quantile   median  3rd_quantile         mean          std    min    max
0  normal      13202.00  14335.0      15117.00  14158.40625  1329.993690  11246  16441
1       h       9272.75   9732.5      10332.25   9748.21875   917.943555   7431  11771
2       l       6336.75   6806.5       7091.75   6691.62500   714.234657   4884   8125
3      lh       5484.50   5768.5       5992.50   5791.68750   551.179114   4619   7241
4       t      12050.00  13046.0      13537.25  12895.78125  1173.652329  10539  15005
5      th       8208.50   8737.5       9344.00   8830.00000   947.151281   6941  10821
6      tl       5518.25   5958.0       6418.50   6024.25000   634.803551   5038   7460
7     tlh       4967.25   5312.0       5466.50   5196.90625   465.597733   3863   6023

ILS before costs:
   1st_quantile    median  3rd_quantile          mean          std     min     max
0     179240.75  182747.5     184739.25  181902.53125  3441.776595  174573  186918

ILS after costs:
     type  1st_quantile    median  3rd_quantile          mean          std     min     max
0  normal     128744.00  129926.5     130493.75  129763.37500  1165.137310  127581  132122
1       h     129372.00  129959.5     130601.50  130012.84375   901.778354  128108  132180
2       l     129335.75  129759.0     130323.75  129746.87500   753.107787  127864  130973
3      lh     129187.75  129584.5     130633.75  129845.78125  1002.064216  128314  132001
4       t     129080.25  130045.5     130656.75  129947.59375  1043.009506  128266  131892
5      th     129081.25  129770.0     130298.00  129665.31250   904.411105  127059  131938
6      tl     129206.00  129826.5     130434.25  129801.90625   990.314624  127597  131513
7     tlh     129666.00  130194.0     130741.00  130187.59375   977.121046  127276  131755

ILS improvement rates:
     type  1st_quantile    median  3rd_quantile       mean       std      min      max
0  normal     27.739050  28.75950     29.616475  28.643253  1.236783  25.5194  30.5632
1       h     27.100100  28.79760     29.840650  28.500431  1.483630  25.7440  30.6664
2       l     27.616900  28.87575     29.824450  28.649159  1.325660  25.6620  30.5461
3      lh     27.360225  28.61025     29.370500  28.595766  1.316042  26.2618  31.3244
4       t     27.799575  28.63260     29.582625  28.540459  1.293737  25.5538  30.6958
5      th     27.861050  28.79695     29.558350  28.695997  1.238622  26.1031  30.7265
6      tl     27.779750  28.70655     29.472400  28.620584  1.274614  26.3790  31.5713
7     tlh     27.339025  28.62450     29.436850  28.406947  1.364882  25.4822  31.1613