data file: ../CVRP_Data/vrplib/X-n228-k23.txt
total weight: 3478
truck size: 23
truck 1 : [31, 54, 58, 69, 78, 81, 84, 104, 109, 111, 118, 119, 137, 139, 158, 167, 186, 211, 224]
truck 2 : [13, 15, 73, 93, 128, 142, 185, 188, 204]
truck 3 : [12, 45, 62, 63, 83, 99, 105, 152, 163, 173, 180, 217, 219, 220, 225]
truck 4 : [29, 33, 90]
truck 5 : [5, 38, 40, 65, 89, 161]
truck 6 : [10, 19, 72, 100, 149]
truck 7 : [22, 80, 87, 92, 102, 113, 133, 136, 148, 177, 183, 205]
truck 8 : [32, 41, 43, 48, 67, 76, 88, 98, 108, 117, 127, 131, 145, 146, 147, 153, 156, 171, 181, 195, 196, 207, 208, 212, 213, 216]
truck 9 : [1, 37, 61, 64, 79, 95, 122, 134, 143, 155, 178, 190, 191, 209]
truck 10 : [25, 75, 123, 141, 151, 160, 164, 168, 169, 199, 206]
truck 11 : [3, 9, 140]
truck 12 : [11, 23, 129, 187, 218]
truck 13 : [20, 34, 44, 47, 60, 66, 97, 101, 106, 110, 114, 116, 120, 130, 132, 154, 172, 174, 175, 203, 221]
truck 14 : [6, 26, 70, 166]
truck 15 : [7, 28, 82, 96, 210]
truck 16 : [24, 35, 46, 55, 59, 71, 91, 112, 125, 138, 157, 162, 170, 182, 215, 222, 223]
truck 17 : [2, 4, 50, 52, 68, 86, 94, 103, 200, 201]
truck 18 : [8, 21, 135]
truck 19 : [18, 42, 56, 85, 121, 124, 144, 150, 176, 197]
truck 20 : [14, 49, 51, 57, 179, 184, 189, 192, 193, 198, 202, 227]
truck 21 : [16, 17]
truck 22 : [30, 39, 53, 77, 107, 159, 194]
truck 23 : [27, 36, 74, 115, 126, 165, 214, 226]
