43
4 38
5.19136
4 38
31.1832
4 38
3.94459
4 38
31.1832
4 38
31.1832
4 38
3.94459
8 40
298.798
8 40
252.59
8 40
252.59
8 40
298.798
8 40
319.865
8 40
307.395
8 40
319.865
8 22
108.579
13 35
38.9353
13 25
31.1684
15 35
9.92121
26 38
360.599
27 4
9.47233
28 15
223.494
29 6
1.65529
32 4
0.1098
36 15
139.225
38 42
44.2228
38 4
31.1832
38 36
65.4145
40 8
252.59
42 8
53.8512
construct:153874   cross100seconds:115358
thread size:1
use thread1's answer

[31mThread 1[0m
truck size:43
time info
construct:1(ms)    local search:0(s)
total move cost change:153874--->102851
130[0m/capacity:131    route:0,515,354,80,41,406,952,280,133,283,277,261,52,752,727,246,114,213,392,898,861,812,724,561,297,94,0,
125[0m/capacity:131    route:0,958,804,186,938,774,959,59,204,793,124,109,102,371,657,317,909,111,651,823,776,586,484,0,
130[0m/capacity:131    route:0,485,839,825,710,707,637,518,697,190,445,713,686,360,635,690,683,549,469,234,801,0,
129[0m/capacity:131    route:0,92,220,630,412,613,165,623,195,244,359,847,558,947,994,523,222,688,953,411,68,805,722,492,0,
129[0m/capacity:131    route:0,524,386,290,81,130,706,647,833,704,212,556,389,121,940,602,608,251,218,914,916,934,150,96,372,921,766,0,
130[0m/capacity:131    route:0,8,98,562,737,479,465,644,363,770,902,40,827,975,828,344,421,780,447,264,51,375,881,696,481,416,464,590,775,0,
130[0m/capacity:131    route:0,355,266,949,305,917,482,729,787,126,700,504,527,106,401,380,550,636,461,506,164,845,809,915,483,0,
130[0m/capacity:131    route:0,44,852,993,414,172,455,468,554,614,148,241,589,403,341,399,568,441,49,583,648,528,499,767,794,723,0,
130[0m/capacity:131    route:0,407,282,284,61,834,476,705,699,621,349,382,254,342,676,932,982,364,0,
131[0m/capacity:131    route:0,457,964,58,929,747,649,19,73,519,715,890,137,598,599,91,577,591,118,717,480,990,112,64,146,508,452,984,103,719,693,595,446,579,534,639,552,758,661,86,28,570,972,0,
127[0m/capacity:131    route:0,908,168,93,374,701,843,160,135,427,202,918,328,784,817,167,643,115,230,507,0,
130[0m/capacity:131    route:0,925,730,78,878,631,618,323,521,977,161,6,999,95,797,962,859,792,840,231,0,
130[0m/capacity:131    route:0,663,128,327,814,888,249,185,877,169,235,162,961,860,224,497,191,882,149,330,424,12,335,873,0,
130[0m/capacity:131    route:0,361,201,871,548,353,500,645,454,901,383,225,276,791,184,166,951,127,239,348,319,849,370,152,746,681,907,53,417,844,816,0,
130[0m/capacity:131    route:0,237,611,22,89,509,578,596,171,397,593,188,731,418,668,451,564,581,582,640,494,0,
128[0m/capacity:131    route:0,505,702,754,140,842,943,192,685,65,438,302,425,273,738,396,221,616,625,879,443,659,708,728,279,0,
130[0m/capacity:131    route:0,32,54,779,216,520,555,331,912,415,503,426,252,743,66,798,682,667,83,393,777,869,404,718,603,395,712,617,227,390,0,
130[0m/capacity:131    route:0,306,82,378,670,296,448,749,669,233,612,891,496,46,829,512,333,75,313,467,604,356,206,944,141,538,0,
129[0m/capacity:131    route:0,107,325,788,872,366,267,653,862,665,125,587,858,473,205,196,605,357,27,322,298,491,931,600,320,988,0,
127[0m/capacity:131    route:0,321,345,680,740,545,232,312,434,430,960,391,857,474,760,436,16,837,585,638,74,25,875,198,0,
130[0m/capacity:131    route:0,601,367,413,622,60,928,855,926,410,675,174,258,226,970,475,138,259,567,906,490,0,
130[0m/capacity:131    route:0,245,194,745,966,23,209,989,576,131,511,87,995,405,47,580,987,820,732,223,332,516,347,954,913,0,
130[0m/capacity:131    route:0,819,236,300,343,177,753,123,42,919,274,453,874,429,894,120,21,632,0,
130[0m/capacity:131    route:0,307,373,472,176,572,304,385,689,362,17,854,1,278,14,597,510,376,624,7,880,215,207,899,369,836,0,
130[0m/capacity:131    route:0,876,48,703,219,200,799,525,965,895,654,795,20,173,893,991,90,1000,439,811,762,175,720,0,
130[0m/capacity:131    route:0,85,243,456,781,442,34,979,423,546,257,950,285,574,263,238,422,495,535,377,557,0,
129[0m/capacity:131    route:0,303,831,526,790,311,329,851,420,36,338,967,848,97,584,271,666,326,646,432,922,573,309,782,269,807,553,513,318,183,992,955,789,0,
131[0m/capacity:131    route:0,462,885,721,691,193,178,985,100,750,486,948,559,539,628,674,941,897,0,
130[0m/capacity:131    route:0,942,431,592,384,255,751,488,764,272,449,381,536,478,295,67,147,368,835,529,493,778,800,652,978,0,
130[0m/capacity:131    route:0,868,531,673,726,886,3,79,117,971,308,575,159,566,158,351,33,228,968,437,163,678,11,334,846,773,642,0,
129[0m/capacity:131    route:0,132,289,402,547,655,39,459,671,144,291,514,910,136,551,924,813,541,181,287,946,70,832,0,
118[0m/capacity:131    route:0,151,900,9,634,980,352,498,142,867,157,29,998,905,571,110,179,736,18,0,
130[0m/capacity:131    route:0,487,803,24,796,856,641,711,896,679,716,339,997,610,189,810,69,57,841,10,0,
130[0m/capacity:131    route:0,937,240,945,409,709,765,129,594,105,560,210,428,692,450,108,400,116,739,927,440,802,104,565,0,
131[0m/capacity:131    route:0,786,759,733,288,419,883,208,292,830,744,153,863,757,489,242,0,
125[0m/capacity:131    route:0,698,260,55,742,145,203,119,143,444,656,522,13,532,662,768,664,408,658,0,
129[0m/capacity:131    route:0,748,316,735,650,808,31,337,379,974,785,853,517,761,247,265,502,884,294,501,660,301,433,0,
130[0m/capacity:131    route:0,588,672,471,50,629,756,973,286,544,687,30,314,113,772,76,268,388,38,358,850,101,346,0,
130[0m/capacity:131    route:0,214,865,533,293,197,211,460,71,633,299,256,43,892,262,45,248,969,15,935,187,540,0,
130[0m/capacity:131    route:0,826,63,695,122,606,5,824,155,156,182,563,769,435,336,763,4,986,281,996,530,569,815,957,822,0,
130[0m/capacity:131    route:0,930,537,783,755,62,866,923,714,2,976,35,324,677,626,72,939,310,904,889,933,229,607,806,903,0,
130[0m/capacity:131    route:0,350,88,394,981,217,199,26,963,77,543,466,275,387,920,684,609,864,99,725,936,627,180,340,463,542,870,0,
130[0m/capacity:131    route:0,734,956,139,270,771,398,620,983,887,315,458,741,470,477,170,250,615,911,154,253,365,821,838,37,134,84,56,818,619,694,0,
[31munvisited:[1K[0mimprove rate:66.8412

