43
4 12
15.5339
4 24
593.551
4 27
9.47233
4 29
480.739
4 32
0.1098
4 33
190.871
4 38
57.4646
4 38
5.19136
4 38
3.94459
4 38
31.1832
4 42
82.6006
5 19
0.663521
5 28
45.7985
5 32
172.416
6 14
2.51678
6 23
4.76244
6 24
69.1535
6 24
62.2603
6 24
25.3028
6 25
122.086
6 29
1.65529
6 31
32.1247
6 38
122.518
6 38
8.68514
6 41
8.65713
6 41
45.4286
8 22
89.021
8 22
108.579
8 24
38.7568
8 31
30.0828
8 36
43.2133
8 36
33.7154
8 36
5.44431
8 40
252.59
8 40
307.395
8 40
298.798
8 40
319.865
8 42
53.8512
13 25
31.1684
13 35
38.9353
13 35
68.6895
13 40
195.877
13 42
72.149
15 22
60.9727
15 22
24.4257
15 28
223.494
15 35
9.92121
15 36
139.225
16 38
217.808
16 38
180.678
22 38
61.7259
22 38
185.293
24 38
27.4724
24 38
35.3999
25 38
36.5408
26 38
360.599
27 38
536.788
32 38
217.831
36 38
56.3183
36 38
65.4145
36 38
547.715
36 38
613.779
36 38
560.583
36 38
668.777
36 38
711.016
38 39
64.9583
38 39
0.0251312
38 40
475.593
38 40
286.441
38 40
222.927
38 40
33.8235
38 40
235.526
38 41
16.7911
38 41
12.5482
38 41
14.1964
38 42
5.95156
38 42
249.304
38 42
35.5514
38 42
66.2792
38 42
44.2228
38 42
40.1936
38 42
0.506378
construct:153874   cross100seconds:115358
thread size:1
use thread1's answer

[31mThread 1[0m
truck size:43
time info
construct:1(ms)    local search:5(s)
total move cost change:153874--->91920.6
130[0m/capacity:131    route:0,55,145,203,119,143,867,157,809,328,142,374,444,656,742,260,873,664,408,658,0,
130[0m/capacity:131    route:0,698,115,643,167,918,202,928,310,72,626,111,950,628,909,285,574,821,567,490,817,557,0,
129[0m/capacity:131    route:0,485,630,222,278,558,732,572,699,205,621,827,473,341,858,587,403,665,589,267,373,363,644,661,846,737,21,0,
129[0m/capacity:131    route:0,775,411,837,16,474,696,881,1,421,780,362,689,287,385,158,828,579,705,946,70,40,902,11,334,342,653,366,788,479,0,
129[0m/capacity:131    route:0,607,759,160,939,288,419,677,651,208,926,883,823,35,191,324,649,329,493,855,778,238,929,0,
130[0m/capacity:131    route:0,163,332,223,33,820,987,591,971,79,577,405,924,159,575,47,580,566,210,291,391,762,49,719,583,104,0,
130[0m/capacity:131    route:0,702,386,754,204,842,573,269,609,602,156,769,178,224,381,170,339,57,458,715,764,155,824,592,0,
129[0m/capacity:131    route:0,852,177,42,919,207,642,713,880,639,510,399,472,552,349,382,770,862,758,254,241,832,465,516,872,753,369,836,0,
130[0m/capacity:131    route:0,402,808,31,265,892,43,853,712,23,200,90,960,545,459,390,175,531,839,345,0,
130[0m/capacity:131    route:0,146,934,916,914,506,461,887,519,478,449,470,477,610,338,967,466,435,810,189,543,985,741,636,513,5,815,0,
128[0m/capacity:131    route:0,350,964,484,58,652,495,701,422,843,981,882,586,149,622,413,243,62,424,12,532,978,335,662,0,
130[0m/capacity:131    route:0,101,337,582,108,799,692,525,564,517,425,438,305,647,706,727,752,52,266,724,0,
130[0m/capacity:131    route:0,231,600,570,211,640,547,655,39,379,633,227,232,514,428,813,541,447,857,144,966,116,499,680,0,
130[0m/capacity:131    route:0,80,89,708,82,879,785,859,256,989,551,173,576,20,6,999,471,327,128,273,717,616,306,561,501,433,0,
130[0m/capacity:131    route:0,925,302,500,888,482,185,521,791,184,951,137,323,380,389,646,920,681,907,467,248,431,734,870,179,0,
130[0m/capacity:131    route:0,505,804,943,272,890,530,326,319,618,996,787,729,599,520,216,54,78,885,569,218,313,871,201,0,
129[0m/capacity:131    route:0,151,9,812,45,625,672,965,726,136,308,87,995,795,973,512,114,949,53,604,417,355,958,0,
129[0m/capacity:131    route:0,508,396,65,608,152,370,401,598,829,348,239,691,46,496,126,977,331,91,32,670,247,596,728,0,
130[0m/capacity:131    route:0,44,414,68,953,409,357,605,455,364,523,228,968,994,437,568,947,597,196,468,534,982,874,945,453,274,549,107,98,8,0,
127[0m/capacity:131    route:0,321,28,74,720,464,585,709,172,688,554,429,635,360,614,148,307,690,325,632,469,801,0,
130[0m/capacity:131    route:0,214,931,491,650,94,980,63,498,352,933,733,135,831,303,845,956,542,487,826,0,
129[0m/capacity:131    route:0,876,316,509,578,103,603,869,777,286,544,721,83,682,393,3,772,17,117,847,264,51,344,351,623,412,993,92,937,0,
130[0m/capacity:131    route:0,819,236,638,760,613,165,560,854,181,359,244,375,105,14,61,868,284,240,0,
130[0m/capacity:131    route:0,406,895,654,798,66,314,743,30,252,426,700,504,527,225,612,891,106,383,912,448,756,629,779,814,833,480,246,392,861,133,22,972,0,
130[0m/capacity:131    route:0,320,289,346,840,494,792,279,884,850,481,877,169,763,166,193,666,97,860,563,100,864,774,955,921,0,
127[0m/capacity:131    route:0,768,908,13,522,85,93,330,800,29,998,905,571,915,110,844,935,187,0,
128[0m/capacity:131    route:0,540,237,900,969,356,290,140,81,130,251,309,750,807,744,488,751,255,771,863,112,24,992,803,96,789,0,
129[0m/capacity:131    route:0,283,898,221,738,990,548,353,730,917,249,212,432,75,685,213,153,384,59,242,938,186,944,611,816,0,
130[0m/capacity:131    route:0,766,489,139,37,936,796,154,615,911,102,109,69,940,182,486,99,983,318,793,462,206,0,
129[0m/capacity:131    route:0,588,294,95,404,388,131,268,886,667,161,415,749,669,233,503,687,113,76,511,991,910,718,38,0,
130[0m/capacity:131    route:0,234,120,894,954,773,697,215,347,7,624,376,676,932,445,190,518,913,683,562,0,
128[0m/capacity:131    route:0,483,923,657,258,896,497,292,963,679,368,536,147,26,559,716,67,295,675,250,174,941,725,695,524,822,0,
130[0m/capacity:131    route:0,132,502,663,731,443,668,797,209,893,901,555,296,454,645,761,659,188,262,297,634,361,15,0,
130[0m/capacity:131    route:0,354,735,452,277,261,171,378,50,281,986,4,276,127,631,878,849,961,550,387,746,922,192,959,942,0,
130[0m/capacity:131    route:0,988,865,533,197,927,739,460,703,219,745,400,358,1000,312,434,430,118,450,395,451,962,418,593,397,0,
130[0m/capacity:131    route:0,372,64,757,56,84,134,475,970,674,529,539,546,423,410,711,257,641,317,217,263,526,906,0,
127[0m/capacity:131    route:0,748,293,48,298,802,440,952,194,280,71,974,581,299,617,439,671,811,673,441,693,595,416,198,343,0,
130[0m/capacity:131    route:0,515,301,660,41,984,782,684,704,333,556,121,841,315,553,124,830,897,270,10,150,0,
129[0m/capacity:131    route:0,903,457,806,694,784,535,427,904,259,790,138,311,838,365,253,226,371,856,627,180,747,889,340,229,463,377,818,619,736,0,
130[0m/capacity:131    route:0,538,141,957,122,606,620,948,73,275,271,336,235,584,162,848,997,36,420,19,835,77,199,398,183,164,0,
130[0m/capacity:131    route:0,825,528,648,27,765,436,129,446,594,195,834,304,476,975,176,678,125,686,899,722,123,0,
123[0m/capacity:131    route:0,723,565,794,407,767,245,322,220,710,282,740,590,637,805,86,707,492,25,875,300,0,
129[0m/capacity:131    route:0,930,601,507,537,168,88,394,456,60,776,34,714,2,979,851,976,442,781,866,786,367,755,783,230,18,0,
[31munvisited:[1K[0mimprove rate:59.7374

