43
0 38
245.073
0 38
229.764
0 38
186.006
0 38
176.957
0 38
97.9457
0 38
0.101547
1 38
31.0802
1 38
97.6132
1 38
299.174
1 38
77.5822
1 38
80.6332
1 38
319.898
1 38
76.7122
1 38
829.676
1 38
906.467
1 38
703.558
1 38
602.199
1 38
330.038
1 38
334.199
1 38
454.981
1 38
330.185
1 38
895.142
1 38
303.168
1 38
261.915
1 38
230.172
1 38
539.668
1 38
590.279
1 38
505.968
1 38
531.449
1 38
522.783
1 38
512.779
1 38
464.605
1 38
459.799
1 38
431.747
1 38
406.485
1 38
320.926
1 38
21.8648
2 38
1070.57
2 38
1090.95
2 38
1108.54
2 38
624.426
2 38
698.381
2 38
779.715
2 38
870.164
2 38
915.327
2 38
938.331
2 38
920.508
2 38
856.086
2 38
905.738
2 38
1028.5
2 38
1054.83
2 38
894.853
2 38
900.833
2 38
813.756
2 38
809.004
3 38
0.503891
3 38
152.308
3 38
117.206
3 38
115.117
3 38
186.184
3 38
382.073
3 38
395.267
3 38
334.887
3 38
412.922
3 38
1014.08
3 38
536.22
3 38
507.728
3 38
546.402
3 38
490.926
3 38
406.82
3 38
404.281
4 38
424.131
4 38
666.543
4 38
556.761
4 38
348.07
4 38
479.064
5 38
1855.35
5 38
1937.87
5 38
1824.67
5 38
1961.53
5 38
1919.86
5 38
1994.97
5 38
2257.46
5 38
1815.72
5 38
1900.56
5 38
1882.3
5 38
1710.49
5 38
1883.2
5 38
1814.66
5 38
1782.91
5 38
1893.1
5 38
1894.21
5 38
1893.97
5 38
1913.12
5 38
1880.1
6 38
484.021
6 38
254.763
6 38
504.2
6 38
455.8
6 38
537.858
6 38
554.12
6 38
594.85
6 38
455.774
6 38
563.64
6 38
536.805
6 38
370.007
6 38
346.516
6 38
356.671
6 38
282.969
6 38
333.697
6 38
414.84
6 38
484.73
6 38
616.434
6 38
749.462
6 38
671.638
6 38
524.61
6 38
303.361
6 38
351.782
6 38
306.061
6 38
286.6
6 38
271.769
6 38
250.288
6 38
203.227
7 38
1778.54
7 38
1817.62
7 38
1843.59
7 38
1790.26
7 38
1790.95
7 38
1786.33
7 38
2010.14
7 38
2018.96
7 38
1844.42
7 38
1804.03
7 38
1989.55
7 38
1958.34
7 38
1979.08
7 38
1930.52
7 38
1957.39
7 38
1945.83
7 38
2057
8 38
47.0484
8 38
238.21
8 38
448.053
8 38
226.601
8 38
627.078
8 38
744.335
8 38
722.482
8 38
671.559
8 38
604.47
8 38
858.574
8 38
788.396
8 38
1134.76
8 38
1035.05
8 38
541.828
8 38
676.521
9 38
238.679
9 38
286.113
9 38
229.623
9 38
446.185
9 38
206.712
9 38
459.428
9 38
543.406
9 38
1807.84
9 38
1858.92
9 38
1514.67
9 38
834.354
9 38
810.942
9 38
858.634
9 38
1352.69
9 38
861.342
9 38
839.586
9 38
702.204
9 38
681.02
9 38
738.593
9 38
573.231
9 38
628.443
9 38
800.626
9 38
594.38
9 38
572.254
9 38
666.992
9 38
770.718
9 38
632.232
9 38
561.672
9 38
590.931
9 38
556.355
9 38
493.303
9 38
583.131
9 38
636.291
9 38
1.41633
10 38
306.809
10 38
212.666
10 38
217.348
10 38
230.157
10 38
764.337
10 38
595.573
10 38
621.514
10 38
538.825
10 38
566.041
10 38
559.274
10 38
200.289
10 38
252.121
10 38
351.071
10 38
249.606
10 38
205.255
10 38
205.575
10 38
207.445
10 38
323.043
10 38
322.285
10 38
268.161
10 38
222.546
10 38
258.263
10 38
353.889
10 38
346.823
10 38
205.27
10 38
202.81
10 38
240.374
10 38
203.26
10 38
284.807
10 38
201.592
10 38
200.006
10 38
493.645
10 38
320.336
10 38
599.938
10 38
76.7734
11 38
196.44
11 38
264.424
11 38
131.145
11 38
263.33
11 38
371.223
11 38
244.675
11 38
224.006
11 38
239.388
11 38
164.751
11 38
109.686
11 38
263.458
11 38
197.652
11 38
166.355
11 38
124.238
11 38
122.578
11 38
149.542
11 38
132.362
11 38
179.461
11 38
172.937
11 38
560.717
11 38
256.027
11 38
114.376
11 38
118.036
11 38
126.832
11 38
225.695
12 38
647.255
12 38
701.436
12 38
581.834
12 38
621.284
12 38
622.085
12 38
610.283
12 38
620.823
12 38
565.397
12 38
507.894
12 38
566.618
12 38
545.146
12 38
629.581
12 38
499.541
12 38
598.612
12 38
638.759
12 38
634.083
12 38
614.249
12 38
454.72
13 38
169.319
13 38
323.918
13 38
263.825
13 38
186.856
13 38
385.86
13 38
445.937
13 38
386.959
13 38
444.1
13 38
447.786
13 38
457.414
13 38
517.706
13 38
620.284
13 38
549.957
13 38
564.316
13 38
488.256
13 38
527.486
13 38
449.469
13 38
461.816
13 38
451.3
13 38
456.994
14 38
318.917
14 38
361.097
14 38
458.018
14 38
544.341
14 38
310.798
14 38
316.149
14 38
713.182
14 38
654.614
14 38
588.847
14 38
330.219
14 38
302.395
14 38
135.843
14 38
181.631
14 38
366.815
14 38
186.081
15 38
1965.71
15 38
1899.14
15 38
2102.43
15 38
1852.04
15 38
2120.83
15 38
1620.81
15 38
1683.64
15 38
1702.37
15 38
1782.44
15 38
1894.53
15 38
1533.83
15 38
1613.06
15 38
1665.63
15 38
1818.8
15 38
1782.23
15 38
1809.52
15 38
1747.51
15 38
1747.57
15 38
1745.12
15 38
1842.89
15 38
1653.36
15 38
1712.93
15 38
1586.25
15 38
1790.76
15 38
1788.43
15 38
1521.88
15 38
1533.46
15 38
1593.81
15 38
1529.51
16 38
243.489
16 38
432.582
16 38
322.55
16 38
515.754
16 38
482.522
16 38
492.569
16 38
483.189
16 38
491.706
16 38
560.542
16 38
515.95
16 38
529.894
16 38
529.676
16 38
515.392
16 38
495.243
16 38
497.58
16 38
546.909
16 38
482.864
16 38
524.77
16 38
553.166
16 38
497.433
16 38
523.636
16 38
634.138
16 38
554.858
16 38
478.938
16 38
484.534
16 38
492.579
16 38
604.836
16 38
521.722
16 38
537.777
17 38
488.457
17 38
282.643
17 38
401.683
17 38
1007.41
17 38
720.725
17 38
702.653
17 38
607.684
17 38
799.65
17 38
813.644
17 38
927.99
18 38
197.221
18 38
162.995
18 38
493.16
18 38
114.478
18 38
491.116
18 38
631.846
18 38
1208.2
18 38
907.158
18 38
982.94
18 38
1021.6
18 38
1081.14
18 38
1126.77
18 38
1176.46
18 38
1202.56
18 38
1083.65
18 38
1131.3
18 38
1143.54
18 38
1075.61
18 38
1137.77
18 38
1022.85
18 38
1046.52
18 38
1040.38
18 38
1146.19
18 38
1120.62
18 38
1153.43
18 38
1006.68
19 38
613.567
19 38
1584.53
19 38
1671.85
19 38
1650.11
19 38
1628.76
19 38
1791.91
19 38
1592.91
19 38
1651.13
19 38
1649.03
19 38
1592.9
19 38
1650.45
19 38
1572.12
19 38
1636.42
19 38
1614.09
19 38
1565.12
19 38
1634.48
19 38
1604.73
19 38
1544.57
19 38
1446.31
19 38
1530.29
19 38
1491.08
19 38
1512.09
19 38
1442.54
20 38
236.313
20 38
36.537
20 38
108.745
20 38
17.7213
20 38
290.519
20 38
133.29
20 38
345.018
20 38
228.567
20 38
9.68018
20 38
37.867
20 38
36.9278
20 38
25.8629
20 38
66.2322
20 38
174.514
20 38
776.295
20 38
451.324
20 38
68.8083
20 38
72.924
20 38
81.7168
20 38
91.1153
20 38
23.3099
20 38
12.0458
20 38
2.24416
20 38
53.7993
20 38
17.0846
20 38
54.335
20 38
239.025
20 38
62.0859
20 38
84.6768
20 38
85.5849
20 38
2.52875
20 38
17.68
20 38
34.5656
20 38
8.4935
20 38
262.678
20 38
228.423
20 38
141.303
20 38
351.591
20 38
250.691
20 38
272.917
20 38
64.195
20 38
9.42086
21 38
165.962
22 38
509.105
22 38
585.448
22 38
541.273
22 38
710.316
22 38
1144.95
22 38
1125.78
22 38
1105.98
22 38
1083.43
22 38
656.045
22 38
677.192
22 38
745.008
22 38
611.07
22 38
514.944
22 38
1133.7
23 38
266.97
23 38
14.0203
23 38
34.2141
23 38
410.413
23 38
13.6513
23 38
34.3661
23 38
79.7366
23 38
694.358
23 38
493.952
23 38
539.037
23 38
599.709
23 38
573.615
23 38
661.07
23 38
658.902
23 38
689.592
23 38
590.086
23 38
436.812
23 38
639.208
23 38
673.409
23 38
630.818
23 38
596.522
23 38
686.725
23 38
655.6
24 38
829.369
24 38
931.176
24 38
1309.23
24 38
1379.21
24 38
1503.88
24 38
1517.35
24 38
1530.22
24 38
1591.68
24 38
1581.58
24 38
1686.99
24 38
1611.38
24 38
1500.79
24 38
1421.48
24 38
1521.8
24 38
1427.01
24 38
1533.7
24 38
1640.88
24 38
1626.18
24 38
1627.56
24 38
1641.93
24 38
1622.98
24 38
1717.46
24 38
1551.68
24 38
1593.17
24 38
1476.31
24 38
1536.78
24 38
444.33
25 38
296.657
25 38
287.882
25 38
203.309
25 38
205.837
25 38
251.923
25 38
194.481
25 38
163.043
25 38
178.262
25 38
45.6396
25 38
6.65826
25 38
5.9552
26 38
1654.94
26 38
1759.56
26 38
1960.44
26 38
1407.26
26 38
1627.74
26 38
1415.73
26 38
1262.69
26 38
1300.61
26 38
1317.86
26 38
1315.87
26 38
1360.19
26 38
1397.79
26 38
1401.49
26 38
1511.5
26 38
1426.84
26 38
1235.96
26 38
1299.07
26 38
1264.45
26 38
474.5
26 38
658.193
27 38
1197.18
27 38
1132.44
27 38
1064.34
27 38
637.259
27 38
687.677
27 38
1151.63
27 38
581.014
27 38
626.511
27 38
552.68
27 38
563.298
27 38
276.369
27 38
173.431
27 38
361.187
28 38
518.27
28 38
408.269
28 38
492.782
28 38
273.668
28 38
270.138
28 38
273.436
28 38
308.886
29 38
149.691
29 38
403.22
29 38
463.58
29 38
141.919
29 38
161.512
29 38
572.15
29 38
433.848
29 38
161.746
29 38
288.294
29 38
589.024
29 38
146.873
29 38
313.944
29 38
492.844
29 38
312.724
29 38
148.777
29 38
365.844
29 38
200.448
29 38
586.913
29 38
679.717
29 38
636.697
29 38
667.865
29 38
698.077
29 38
726.733
29 38
663.353
29 38
707.542
29 38
672.635
29 38
723.83
29 38
525.373
29 38
630.053
29 38
636.435
29 38
622.626
29 38
645.183
29 38
673.658
29 38
565.56
29 38
526.101
30 38
522.571
30 38
375.319
30 38
90.2591
31 38
521.355
31 38
356.388
31 38
559.191
31 38
698.706
32 38
828.369
32 38
814.719
32 38
651.198
32 38
609.903
32 38
694.23
32 38
644.214
32 38
684.126
32 38
741.804
32 38
822.16
32 38
883.275
32 38
644.504
32 38
563.925
32 38
546.149
32 38
534.618
32 38
429.688
32 38
476.465
32 38
450.704
32 38
507.062
32 38
303.906
32 38
319.489
33 38
160.834
33 38
279.785
33 38
195.161
33 38
156.341
33 38
178.78
33 38
420.503
33 38
399.552
33 38
383.179
33 38
402.572
33 38
418.758
33 38
461.636
33 38
504.334
33 38
585.851
33 38
586.576
33 38
569.286
33 38
492.001
33 38
474.179
33 38
547.462
33 38
589.677
34 38
308.374
34 38
105.751
34 38
190.555
34 38
44.7058
35 38
29.0121
35 38
66.9937
35 38
25.8333
35 38
60.8438
36 38
1044.12
36 38
1238.77
36 38
1161.49
36 38
1387.14
36 38
1209.52
36 38
1408.25
36 38
1953.65
36 38
1858.09
36 38
1903.3
36 38
1880.48
36 38
1897.35
36 38
1911.78
36 38
2009.54
36 38
1839.82
36 38
1933.02
36 38
1910.88
36 38
1886.24
36 38
1870.74
36 38
1905.2
36 38
1904.91
36 38
1841.05
36 38
1909.86
36 38
1847.67
37 38
128.859
38 39
273.631
38 39
214.962
38 39
311.779
38 40
682.357
38 40
573.562
38 40
442.029
38 40
103.799
38 40
178.863
38 40
801.84
38 40
105.305
38 40
22.5408
38 40
216.857
38 40
2.2135
38 41
54.5921
38 41
92.6809
38 41
6.45701
38 41
131.109
38 41
322.49
38 41
119.12
38 41
24.6822
38 42
32.4084
38 42
30.7836
38 42
52.3378
38 42
99.758
38 42
53.7266
38 42
98.9371
38 42
0.189178
38 42
11.2254
38 42
38.2734
38 42
72.4199
38 42
23.2557
38 42
112.388
38 42
121.032
38 42
133.218
38 42
48.8889
38 42
5.84061
38 42
6.91648
38 42
18.4572
38 42
52.546
38 42
60.5441
38 42
93.9068
38 42
84.2397
38 42
104.1
38 42
2.60571
38 42
48.248
38 42
27.2315
38 42
58.3007
38 42
37.5124
38 42
11.0953
38 42
148.093
38 42
103.041
38 42
3.36681
38 42
2.24946
38 42
474.234
thread size:1
use thread1's answer

[31mThread 1[0m
truck size:43
time info
construct:1(ms)    local search:6(s)
total move cost change:153874--->91920.6
130[0m/capacity:131    route:0,55,145,203,119,143,867,157,809,328,142,374,444,656,742,260,873,664,408,658,0,
130[0m/capacity:131    route:0,698,115,643,167,918,202,928,310,72,626,111,950,628,909,285,574,821,567,490,817,557,0,
129[0m/capacity:131    route:0,485,630,222,278,558,732,572,699,205,621,827,473,341,858,587,403,665,589,267,373,363,644,661,846,737,21,0,
129[0m/capacity:131    route:0,775,411,837,16,474,696,881,1,421,780,362,689,287,385,158,828,579,705,946,70,40,902,11,334,342,653,366,788,479,0,
129[0m/capacity:131    route:0,607,759,160,939,288,419,677,651,208,926,883,823,35,191,324,649,329,493,855,778,238,929,0,
130[0m/capacity:131    route:0,163,332,223,33,820,987,591,971,79,577,405,924,159,575,47,580,566,210,291,391,762,49,719,583,104,0,
130[0m/capacity:131    route:0,702,386,754,204,842,573,269,609,602,156,769,178,224,381,170,339,57,458,715,764,155,824,592,0,
129[0m/capacity:131    route:0,852,177,42,919,207,642,713,880,639,510,399,472,552,349,382,770,862,758,254,241,832,465,516,872,753,369,836,0,
130[0m/capacity:131    route:0,402,808,31,265,892,43,853,712,23,200,90,960,545,459,390,175,531,839,345,0,
130[0m/capacity:131    route:0,146,934,916,914,506,461,887,519,478,449,470,477,610,338,967,466,435,810,189,543,985,741,636,513,5,815,0,
128[0m/capacity:131    route:0,350,964,484,58,652,495,701,422,843,981,882,586,149,622,413,243,62,424,12,532,978,335,662,0,
130[0m/capacity:131    route:0,101,337,582,108,799,692,525,564,517,425,438,305,647,706,727,752,52,266,724,0,
130[0m/capacity:131    route:0,231,600,570,211,640,547,655,39,379,633,227,232,514,428,813,541,447,857,144,966,116,499,680,0,
130[0m/capacity:131    route:0,80,89,708,82,879,785,859,256,989,551,173,576,20,6,999,471,327,128,273,717,616,306,561,501,433,0,
130[0m/capacity:131    route:0,925,302,500,888,482,185,521,791,184,951,137,323,380,389,646,920,681,907,467,248,431,734,870,179,0,
130[0m/capacity:131    route:0,505,804,943,272,890,530,326,319,618,996,787,729,599,520,216,54,78,885,569,218,313,871,201,0,
129[0m/capacity:131    route:0,151,9,812,45,625,672,965,726,136,308,87,995,795,973,512,114,949,53,604,417,355,958,0,
129[0m/capacity:131    route:0,508,396,65,608,152,370,401,598,829,348,239,691,46,496,126,977,331,91,32,670,247,596,728,0,
130[0m/capacity:131    route:0,44,414,68,953,409,357,605,455,364,523,228,968,994,437,568,947,597,196,468,534,982,874,945,453,274,549,107,98,8,0,
127[0m/capacity:131    route:0,321,28,74,720,464,585,709,172,688,554,429,635,360,614,148,307,690,325,632,469,801,0,
130[0m/capacity:131    route:0,214,931,491,650,94,980,63,498,352,933,733,135,831,303,845,956,542,487,826,0,
129[0m/capacity:131    route:0,876,316,509,578,103,603,869,777,286,544,721,83,682,393,3,772,17,117,847,264,51,344,351,623,412,993,92,937,0,
130[0m/capacity:131    route:0,819,236,638,760,613,165,560,854,181,359,244,375,105,14,61,868,284,240,0,
130[0m/capacity:131    route:0,406,895,654,798,66,314,743,30,252,426,700,504,527,225,612,891,106,383,912,448,756,629,779,814,833,480,246,392,861,133,22,972,0,
130[0m/capacity:131    route:0,320,289,346,840,494,792,279,884,850,481,877,169,763,166,193,666,97,860,563,100,864,774,955,921,0,
127[0m/capacity:131    route:0,768,908,13,522,85,93,330,800,29,998,905,571,915,110,844,935,187,0,
128[0m/capacity:131    route:0,540,237,900,969,356,290,140,81,130,251,309,750,807,744,488,751,255,771,863,112,24,992,803,96,789,0,
129[0m/capacity:131    route:0,283,898,221,738,990,548,353,730,917,249,212,432,75,685,213,153,384,59,242,938,186,944,611,816,0,
130[0m/capacity:131    route:0,766,489,139,37,936,796,154,615,911,102,109,69,940,182,486,99,983,318,793,462,206,0,
129[0m/capacity:131    route:0,588,294,95,404,388,131,268,886,667,161,415,749,669,233,503,687,113,76,511,991,910,718,38,0,
130[0m/capacity:131    route:0,234,120,894,954,773,697,215,347,7,624,376,676,932,445,190,518,913,683,562,0,
128[0m/capacity:131    route:0,483,923,657,258,896,497,292,963,679,368,536,147,26,559,716,67,295,675,250,174,941,725,695,524,822,0,
130[0m/capacity:131    route:0,132,502,663,731,443,668,797,209,893,901,555,296,454,645,761,659,188,262,297,634,361,15,0,
130[0m/capacity:131    route:0,354,735,452,277,261,171,378,50,281,986,4,276,127,631,878,849,961,550,387,746,922,192,959,942,0,
130[0m/capacity:131    route:0,988,865,533,197,927,739,460,703,219,745,400,358,1000,312,434,430,118,450,395,451,962,418,593,397,0,
130[0m/capacity:131    route:0,372,64,757,56,84,134,475,970,674,529,539,546,423,410,711,257,641,317,217,263,526,906,0,
127[0m/capacity:131    route:0,748,293,48,298,802,440,952,194,280,71,974,581,299,617,439,671,811,673,441,693,595,416,198,343,0,
130[0m/capacity:131    route:0,515,301,660,41,984,782,684,704,333,556,121,841,315,553,124,830,897,270,10,150,0,
129[0m/capacity:131    route:0,903,457,806,694,784,535,427,904,259,790,138,311,838,365,253,226,371,856,627,180,747,889,340,229,463,377,818,619,736,0,
130[0m/capacity:131    route:0,538,141,957,122,606,620,948,73,275,271,336,235,584,162,848,997,36,420,19,835,77,199,398,183,164,0,
130[0m/capacity:131    route:0,825,528,648,27,765,436,129,446,594,195,834,304,476,975,176,678,125,686,899,722,123,0,
123[0m/capacity:131    route:0,723,565,794,407,767,245,322,220,710,282,740,590,637,805,86,707,492,25,875,300,0,
129[0m/capacity:131    route:0,930,601,507,537,168,88,394,456,60,776,34,714,2,979,851,976,442,781,866,786,367,755,783,230,18,0,
[31munvisited:[1K[0mimprove rate:59.7374

