43
0 38
229.764
0 38
245.073
0 38
186.006
1 38
829.676
3 38
490.926
5 38
1710.49
5 38
1882.3
5 38
1782.91
5 38
1814.66
6 38
286.6
6 38
306.061
6 38
271.769
6 38
351.782
6 38
303.361
6 38
455.774
7 38
2057
8 38
448.053
9 38
861.342
9 38
839.586
10 38
306.809
10 38
230.157
11 38
264.424
11 38
166.355
11 38
197.652
11 38
263.458
12 38
565.397
12 38
507.894
13 38
169.319
13 38
456.994
13 38
451.3
13 38
449.469
13 38
447.786
15 38
2120.83
15 38
1894.53
15 38
1782.44
15 38
1533.83
16 38
546.909
16 38
515.392
16 38
322.55
16 38
483.189
16 38
491.706
16 38
492.569
16 38
482.522
16 38
604.836
16 38
560.542
16 38
529.894
16 38
515.95
16 38
537.777
16 38
521.722
16 38
243.489
16 38
553.166
18 38
1146.19
18 38
1083.65
18 38
1137.77
18 38
1006.68
18 38
982.94
22 38
1105.98
23 38
436.812
23 38
694.358
23 38
658.902
23 38
493.952
23 38
661.07
23 38
573.615
23 38
689.592
23 38
599.709
23 38
539.037
23 38
673.409
23 38
630.818
23 38
596.522
23 38
639.208
23 38
686.725
24 38
1503.88
24 38
1517.35
26 38
1315.87
26 38
1262.69
26 38
1300.61
26 38
1627.74
26 38
1415.73
26 38
1407.26
29 38
565.56
29 38
636.435
29 38
630.053
29 38
636.697
29 38
200.448
29 38
313.944
29 38
492.844
29 38
148.777
29 38
365.844
32 38
828.369
33 38
504.334
36 38
1161.49
36 38
1387.14
36 38
1209.52
38 20
236.313
38 9
861.342
38 9
839.586
38 23
686.725
38 29
565.56
38 18
1006.68
38 18
1146.19
38 15
1533.83
38 16
515.95
38 23
596.522
38 11
197.652
38 16
491.706
38 23
630.818
38 7
2057
38 29
636.435
38 16
492.569
38 23
639.208
38 16
560.542
38 16
483.189
38 23
673.409
38 12
614.249
38 12
634.083
38 15
1894.53
38 16
537.777
38 16
604.836
38 1
829.676
38 12
598.612
38 26
1627.74
38 16
322.55
38 23
493.952
38 16
515.392
38 16
529.894
38 13
447.786
38 5
1710.49
38 11
166.355
38 6
271.769
38 15
1782.44
38 16
521.722
38 26
1407.26
38 15
2120.83
38 15
2102.43
38 26
1960.44
38 36
1387.14
38 36
1044.12
38 26
1415.73
38 6
306.061
38 15
1683.64
38 26
1317.86
38 6
286.6
38 15
1702.37
38 26
1315.87
38 36
1209.52
38 36
1161.49
38 26
1300.61
38 29
636.697
38 32
828.369
38 26
1262.69
38 23
658.902
38 29
586.913
38 16
546.909
38 16
524.77
38 6
351.782
38 16
553.166
38 23
689.592
38 6
303.361
38 29
723.83
38 16
482.864
38 23
694.358
38 12
507.894
38 24
1503.88
38 13
456.994
38 12
565.397
38 18
982.94
38 6
455.774
38 29
148.777
38 29
313.944
38 29
365.844
38 29
492.844
38 29
200.448
38 3
490.926
38 13
449.469
38 13
451.3
38 33
504.334
38 41
131.109
38 13
169.319
38 0
245.073
38 11
264.424
38 41
322.49
38 40
682.357
38 8
448.053
38 40
573.562
38 10
306.809
38 22
1105.98
38 0
186.006
38 0
229.764
40 38
682.357
40 38
573.562
41 38
322.49
41 38
131.109
42 38
133.218
thread size:1
use thread1's answer

[31mThread 1[0m
truck size:43
time info
construct:1(ms)    local search:0(s)
total move cost change:153874--->102851
130[0m/capacity:131    route:0,515,354,80,41,406,952,280,133,283,277,261,52,752,727,246,114,213,392,898,861,812,724,561,297,94,0,
125[0m/capacity:131    route:0,958,804,186,938,774,959,59,204,793,124,109,102,371,657,317,909,111,651,823,776,586,484,0,
130[0m/capacity:131    route:0,485,839,825,710,707,637,518,697,190,445,713,686,360,635,690,683,549,469,234,801,0,
129[0m/capacity:131    route:0,92,220,630,412,613,165,623,195,244,359,847,558,947,994,523,222,688,953,411,68,805,722,492,0,
129[0m/capacity:131    route:0,524,386,290,81,130,706,647,833,704,212,556,389,121,940,602,608,251,218,914,916,934,150,96,372,921,766,0,
130[0m/capacity:131    route:0,8,98,562,737,479,465,644,363,770,902,40,827,975,828,344,421,780,447,264,51,375,881,696,481,416,464,590,775,0,
130[0m/capacity:131    route:0,355,266,949,305,917,482,729,787,126,700,504,527,106,401,380,550,636,461,506,164,845,809,915,483,0,
130[0m/capacity:131    route:0,44,852,993,414,172,455,468,554,614,148,241,589,403,341,399,568,441,49,583,648,528,499,767,794,723,0,
130[0m/capacity:131    route:0,407,282,284,61,834,476,705,699,621,349,382,254,342,676,932,982,364,0,
131[0m/capacity:131    route:0,457,964,58,929,747,649,19,73,519,715,890,137,598,599,91,577,591,118,717,480,990,112,64,146,508,452,984,103,719,693,595,446,579,534,639,552,758,661,86,28,570,972,0,
127[0m/capacity:131    route:0,908,168,93,374,701,843,160,135,427,202,918,328,784,817,167,643,115,230,507,0,
130[0m/capacity:131    route:0,925,730,78,878,631,618,323,521,977,161,6,999,95,797,962,859,792,840,231,0,
130[0m/capacity:131    route:0,663,128,327,814,888,249,185,877,169,235,162,961,860,224,497,191,882,149,330,424,12,335,873,0,
130[0m/capacity:131    route:0,361,201,871,548,353,500,645,454,901,383,225,276,791,184,166,951,127,239,348,319,849,370,152,746,681,907,53,417,844,816,0,
130[0m/capacity:131    route:0,237,611,22,89,509,578,596,171,397,593,188,731,418,668,451,564,581,582,640,494,0,
128[0m/capacity:131    route:0,505,702,754,140,842,943,192,685,65,438,302,425,273,738,396,221,616,625,879,443,659,708,728,279,0,
130[0m/capacity:131    route:0,32,54,779,216,520,555,331,912,415,503,426,252,743,66,798,682,667,83,393,777,869,404,718,603,395,712,617,227,390,0,
130[0m/capacity:131    route:0,306,82,378,670,296,448,749,669,233,612,891,496,46,829,512,333,75,313,467,604,356,206,944,141,538,0,
129[0m/capacity:131    route:0,107,325,788,872,366,267,653,862,665,125,587,858,473,205,196,605,357,27,322,298,491,931,600,320,988,0,
127[0m/capacity:131    route:0,321,345,680,740,545,232,312,434,430,960,391,857,474,760,436,16,837,585,638,74,25,875,198,0,
130[0m/capacity:131    route:0,601,367,413,622,60,928,855,926,410,675,174,258,226,970,475,138,259,567,906,490,0,
130[0m/capacity:131    route:0,245,194,745,966,23,209,989,576,131,511,87,995,405,47,580,987,820,732,223,332,516,347,954,913,0,
130[0m/capacity:131    route:0,819,236,300,343,177,753,123,42,919,274,453,874,429,894,120,21,632,0,
130[0m/capacity:131    route:0,307,373,472,176,572,304,385,689,362,17,854,1,278,14,597,510,376,624,7,880,215,207,899,369,836,0,
130[0m/capacity:131    route:0,876,48,703,219,200,799,525,965,895,654,795,20,173,893,991,90,1000,439,811,762,175,720,0,
130[0m/capacity:131    route:0,85,243,456,781,442,34,979,423,546,257,950,285,574,263,238,422,495,535,377,557,0,
129[0m/capacity:131    route:0,303,831,526,790,311,329,851,420,36,338,967,848,97,584,271,666,326,646,432,922,573,309,782,269,807,553,513,318,183,992,955,789,0,
131[0m/capacity:131    route:0,462,885,721,691,193,178,985,100,750,486,948,559,539,628,674,941,897,0,
130[0m/capacity:131    route:0,942,431,592,384,255,751,488,764,272,449,381,536,478,295,67,147,368,835,529,493,778,800,652,978,0,
130[0m/capacity:131    route:0,868,531,673,726,886,3,79,117,971,308,575,159,566,158,351,33,228,968,437,163,678,11,334,846,773,642,0,
129[0m/capacity:131    route:0,132,289,402,547,655,39,459,671,144,291,514,910,136,551,924,813,541,181,287,946,70,832,0,
118[0m/capacity:131    route:0,151,900,9,634,980,352,498,142,867,157,29,998,905,571,110,179,736,18,0,
130[0m/capacity:131    route:0,487,803,24,796,856,641,711,896,679,716,339,997,610,189,810,69,57,841,10,0,
130[0m/capacity:131    route:0,937,240,945,409,709,765,129,594,105,560,210,428,692,450,108,400,116,739,927,440,802,104,565,0,
131[0m/capacity:131    route:0,786,759,733,288,419,883,208,292,830,744,153,863,757,489,242,0,
125[0m/capacity:131    route:0,698,260,55,742,145,203,119,143,444,656,522,13,532,662,768,664,408,658,0,
129[0m/capacity:131    route:0,748,316,735,650,808,31,337,379,974,785,853,517,761,247,265,502,884,294,501,660,301,433,0,
130[0m/capacity:131    route:0,588,672,471,50,629,756,973,286,544,687,30,314,113,772,76,268,388,38,358,850,101,346,0,
130[0m/capacity:131    route:0,214,865,533,293,197,211,460,71,633,299,256,43,892,262,45,248,969,15,935,187,540,0,
130[0m/capacity:131    route:0,826,63,695,122,606,5,824,155,156,182,563,769,435,336,763,4,986,281,996,530,569,815,957,822,0,
130[0m/capacity:131    route:0,930,537,783,755,62,866,923,714,2,976,35,324,677,626,72,939,310,904,889,933,229,607,806,903,0,
130[0m/capacity:131    route:0,350,88,394,981,217,199,26,963,77,543,466,275,387,920,684,609,864,99,725,936,627,180,340,463,542,870,0,
130[0m/capacity:131    route:0,734,956,139,270,771,398,620,983,887,315,458,741,470,477,170,250,615,911,154,253,365,821,838,37,134,84,56,818,619,694,0,
[31munvisited:[1K[0mimprove rate:66.8412

