23
0 21
1731.87
0 21
1787.73
0 21
1742.13
0 21
1803.2
0 21
1747.73
0 21
1814.72
0 21
1742.43
0 21
1781.25
1 21
2270.37
1 21
2300.36
1 21
2292.88
1 21
2384.82
1 21
2316.2
2 21
1922.7
2 21
1926.81
2 21
1925.07
4 21
2101.43
5 21
2142.18
6 21
3399.32
6 21
3440.65
6 21
3397.76
6 21
4105.43
6 21
3354.85
6 21
3362.12
6 21
3402.74
6 21
3592.07
6 21
3407.26
7 21
1984.58
9 21
2906.62
9 21
2834.2
9 21
2767.6
10 21
3102.3
10 21
3018.57
10 21
3102.29
10 21
3075.49
10 21
2964.21
11 21
3358.18
11 21
3271.25
11 21
3313.12
11 21
3318.97
11 21
3288.04
12 21
2689.39
12 21
2827.94
12 21
3628.61
12 21
3678.5
12 21
3581.06
12 21
3543.57
12 21
3624.54
12 21
3647.16
12 21
3155.72
12 21
3204.25
13 21
2578.01
13 21
2757.23
13 21
2626.17
13 21
2200.39
13 21
2578.01
16 21
3246.47
16 21
3247.06
16 21
3250.31
16 21
3239.25
16 21
3247.65
16 21
3209.83
16 21
3217.42
16 21
3787.49
16 21
3785.28
16 21
3808.53
19 21
2740.4
19 21
2734.24
19 21
2708.69
19 21
2707.54
19 21
2743.06
19 21
2538.27
19 21
2720.37
20 21
2327
20 21
2301.76
21 13
2626.17
21 12
2689.39
21 12
2827.94
21 13
2757.23
21 5
2142.18
21 7
1984.58
21 13
2613.42
21 12
2688.46
21 12
2813.57
21 13
2752.17
21 5
2314.42
21 12
2900.99
21 13
2561.9
21 6
4105.43
21 0
1787.73
21 16
3250.31
21 6
3440.65
21 16
3246.47
21 0
1742.43
21 6
3399.32
21 16
3785.28
21 16
3247.06
21 0
1781.25
21 16
3787.23
21 16
3247.65
21 0
1814.72
21 12
3155.72
21 16
3808.53
21 0
1742.13
21 16
3787.49
21 16
3239.25
21 0
1747.73
21 2
1926.81
21 12
3624.54
21 12
3543.57
21 12
3647.16
21 16
3217.42
21 11
3318.97
21 10
3102.3
21 11
3288.04
21 9
2767.6
21 2
1922.7
21 22
2387.94
21 10
3018.57
21 12
3581.06
21 16
3209.83
21 1
2270.37
21 9
2834.2
21 1
2316.2
21 9
2906.62
21 6
3354.85
21 11
3271.25
21 6
3362.12
21 1
2384.82
21 10
3213.95
21 10
3202.18
21 20
2327
21 1
2300.36
21 12
3678.5
21 10
3342.62
21 9
3006.14
21 6
3402.74
21 6
3407.26
21 12
3628.61
21 6
3481.8
21 20
2455.7
21 11
3300.84
21 12
3573.83
21 12
3534.66
21 12
3584.27
21 6
3592.07
21 6
3671.13
21 5
2420.81
21 10
3047.13
21 2
1925.07
21 11
3313.12
21 10
2964.21
21 19
2740.4
21 19
2734.24
21 19
2708.69
21 15
2761.07
21 19
2707.54
21 19
2720.37
21 19
2743.06
21 19
2538.27
22 21
2387.94
22 21
2386.98
thread size:1
use thread1's answer

[31mThread 1[0m
truck size:23
time info
construct:0(ms)    local search:0(s)
total move cost change:40794.5--->34141.5
152[0m/capacity:154    route:0,38,91,198,141,109,56,163,138,181,127,79,209,94,130,9,107,63,199,161,153,0,
152[0m/capacity:154    route:0,44,217,171,164,33,50,88,177,172,100,206,137,0,
154[0m/capacity:154    route:0,29,57,30,0,
154[0m/capacity:154    route:0,32,104,18,0,
154[0m/capacity:154    route:0,12,162,25,0,
150[0m/capacity:154    route:0,129,197,11,85,158,62,146,80,170,192,117,225,103,0,
152[0m/capacity:154    route:0,90,47,76,110,220,159,13,20,139,0,
154[0m/capacity:154    route:0,2,184,27,0,
154[0m/capacity:154    route:0,41,34,16,19,0,
151[0m/capacity:154    route:0,37,59,39,64,152,122,99,111,121,224,24,54,123,120,0,
153[0m/capacity:154    route:0,134,65,72,108,6,208,144,92,116,148,52,0,
145[0m/capacity:154    route:0,204,125,175,81,55,173,133,26,15,0,
150[0m/capacity:154    route:0,160,157,187,150,179,53,154,8,140,118,0,
154[0m/capacity:154    route:0,195,205,98,28,51,124,176,77,35,106,0,
147[0m/capacity:154    route:0,60,23,143,105,147,96,215,210,174,43,21,93,0,
139[0m/capacity:154    route:0,216,84,149,169,3,214,166,178,0,
152[0m/capacity:154    route:0,227,211,223,168,87,45,131,17,185,207,78,40,128,61,0,
152[0m/capacity:154    route:0,71,194,200,5,112,167,82,182,218,101,58,42,0,
150[0m/capacity:154    route:0,126,89,188,10,180,46,135,95,48,213,97,165,196,119,68,142,0,
154[0m/capacity:154    route:0,73,115,49,226,7,113,31,0,
153[0m/capacity:154    route:0,75,4,14,145,203,70,212,222,156,202,0,
153[0m/capacity:154    route:0,183,66,132,102,22,219,114,189,186,191,155,69,0,
149[0m/capacity:154    route:0,221,136,201,190,36,67,83,1,193,74,86,151,0,
[31munvisited:[1K[0mimprove rate:83.6916

