23
0 21
1775.25
0 21
1814.72
0 21
1781.25
0 21
1742.43
0 21
1747.73
0 21
1803.2
0 21
1751.86
0 21
1742.13
0 21
1787.73
0 21
1731.87
1 21
2343.04
1 21
2384.82
1 21
2316.2
1 21
2323.72
1 21
2350.72
1 21
2300.36
1 21
2292.88
1 21
2437.03
1 21
2331.34
1 21
2309.53
1 21
2274.69
1 21
2270.37
1 21
2196.74
2 21
1925.07
2 21
1923.78
2 21
1968.25
2 21
2298.42
2 21
2778.16
2 21
2453.8
2 21
2202.67
2 21
2143.05
2 21
1922.7
2 21
1926.81
2 21
2031.06
2 21
2208.79
4 21
1948.72
4 21
2053.82
4 21
2043.56
4 21
2142.88
4 21
2069.41
4 21
2061.28
4 21
2101.43
5 21
2186.39
5 21
2291.13
5 21
2311.24
5 21
2197.29
5 21
2287.96
5 21
2181.53
5 21
2138.96
5 21
2268.01
5 21
2426.87
5 21
2324.79
5 21
2038.55
5 21
2868.44
5 21
2420.81
5 21
2172.75
5 21
2153.64
5 21
2287.59
5 21
2144.5
5 21
2314.42
5 21
2142.18
6 21
3088.95
6 21
3378.91
6 21
3644.34
6 21
4082.03
6 21
4786.19
6 21
4886.34
6 21
4864.65
6 21
3407.26
6 21
3470.23
6 21
3592.07
6 21
3402.74
6 21
3428.99
6 21
3383.44
6 21
3579.42
6 21
3475.39
6 21
3362.12
6 21
3576.2
6 21
3357.77
6 21
3370.77
6 21
3419.42
6 21
3354.85
6 21
3685.94
6 21
3465.88
6 21
3448.55
6 21
3434.96
6 21
3687.84
6 21
3671.13
6 21
3481.8
6 21
4110.34
6 21
4119.08
6 21
3452.18
6 21
4107.4
6 21
4105.43
6 21
4069.22
6 21
3942.68
6 21
3397.76
6 21
3440.65
6 21
3399.32
7 21
2193.52
7 21
1510.22
7 21
2186.25
7 21
1984.58
9 21
2796.34
9 21
2824.48
9 21
2767.6
9 21
2891.78
9 21
2907.97
9 21
2834.2
9 21
2805.38
9 21
2873.04
9 21
2899.14
9 21
2906.62
9 21
3006.14
9 21
3019.1
9 21
2919.71
9 21
2778.14
10 21
3083.58
10 21
2896.54
10 21
3621.15
10 21
2777.36
10 21
2900.34
10 21
2968.24
10 21
3047.13
10 21
3619.65
10 21
2744.06
10 21
3210.34
10 21
2958.59
10 21
2964.21
10 21
2999.9
10 21
3068.27
10 21
3496.96
10 21
2579.22
10 21
3075.49
10 21
3001.99
10 21
3018.57
10 21
3102.29
10 21
3119.02
10 21
3102.3
10 21
3127.85
10 21
3300.71
10 21
3213.95
10 21
3212.54
10 21
3202.18
10 21
3342.62
10 21
2213.65
11 21
3300.63
11 21
3288.04
11 21
3255.66
11 21
3318.97
11 21
3300.67
11 21
3252.34
11 21
3313.12
11 21
3313.14
11 21
3373.64
11 21
3247.68
11 21
3310.98
11 21
3193.55
11 21
3320.17
11 21
3300.84
11 21
3271.25
11 21
3583.74
11 21
3398.53
11 21
3358.18
11 21
3599.57
11 21
3484.68
11 21
3435.86
11 21
3320.1
11 21
3562.05
11 21
3534.3
11 21
3400.61
11 21
3198.2
11 21
3193.68
12 21
3355.99
12 21
3343.71
12 21
3546.21
12 21
4016.3
12 21
3155.72
12 21
3191.92
12 21
3204.25
12 21
3598.75
12 21
3652.42
12 21
3805.06
12 21
3559.2
12 21
3647.16
12 21
3527.85
12 21
3550.42
12 21
3624.54
12 21
3587.4
12 21
3618.23
12 21
3765.16
12 21
3411.7
12 21
3581.06
12 21
3543.57
12 21
3584.27
12 21
3534.66
12 21
3678.5
12 21
3573.83
12 21
3628.61
12 21
2647.66
12 21
2686.58
12 21
2730.13
12 21
2756.44
12 21
2813.57
12 21
2827.94
12 21
2648.55
12 21
2688.46
12 21
2689.39
12 21
2954.16
12 21
2900.99
13 21
2356.53
13 21
2190.47
13 21
2200.39
13 21
2736.36
13 21
2468.44
13 21
2182.78
13 21
2782.33
13 21
2302.03
13 21
2578.01
13 21
2673.77
13 21
2308.06
13 21
2613.42
13 21
2626.17
13 21
2817.25
13 21
2594.58
13 21
2752.17
13 21
2757.23
13 21
2262.46
13 21
2331.6
13 21
2561.9
13 21
2359.71
14 21
2401.95
15 21
2583.65
15 21
2761.07
16 21
3780.06
16 21
3808.53
16 21
3329.67
16 21
3224.28
16 21
3224.85
16 21
3773.21
16 21
3787.49
16 21
3787.23
16 21
3785.28
16 21
4004.65
16 21
3812.56
16 21
3413.77
16 21
3209.83
16 21
3217.42
16 21
3231.7
16 21
3285.55
16 21
3239.25
16 21
3247.65
16 21
3250.31
16 21
3247.06
16 21
3246.47
17 21
2462.28
17 21
2615.41
17 21
2548.7
17 21
2680.32
17 21
2635.16
17 21
2459.11
17 21
2636.97
17 21
2580.62
17 21
2437.79
18 21
5560.03
18 21
5922.23
18 21
6036.36
19 21
2538.27
19 21
2735.68
19 21
2720.37
19 21
2743.06
19 21
2707.54
19 21
2708.69
19 21
2734.24
19 21
2740.4
20 21
2455.7
20 21
2327
20 21
2301.76
20 21
2188.08
20 21
2322.87
20 21
2206.24
21 22
2513.21
21 22
2544.76
21 22
2387.94
21 22
2386.98
21 22
2371.58
thread size:1
use thread1's answer

[31mThread 1[0m
truck size:23
time info
construct:0(ms)    local search:0(s)
total move cost change:40794.5--->30474.9
153[0m/capacity:154    route:0,211,125,55,155,28,189,186,207,191,62,80,106,0,
153[0m/capacity:154    route:0,37,6,64,152,190,196,163,213,181,200,194,71,0,
150[0m/capacity:154    route:0,29,76,47,222,212,170,151,26,117,202,0,
154[0m/capacity:154    route:0,32,104,18,0,
147[0m/capacity:154    route:0,12,25,0,
152[0m/capacity:154    route:0,60,160,157,187,150,197,132,87,45,131,17,85,51,114,124,140,118,0,
153[0m/capacity:154    route:0,90,103,101,30,146,158,110,67,92,82,182,75,0,
154[0m/capacity:154    route:0,2,184,27,0,
154[0m/capacity:154    route:0,41,34,16,19,0,
153[0m/capacity:154    route:0,127,121,136,111,201,5,56,112,119,59,109,68,142,0,
153[0m/capacity:154    route:0,15,192,69,22,0,
151[0m/capacity:154    route:0,77,156,74,220,128,1,78,40,57,100,86,203,145,70,98,0,
152[0m/capacity:154    route:0,129,102,53,179,11,175,185,204,176,225,218,35,0,
151[0m/capacity:154    route:0,195,205,171,164,39,33,167,65,134,0,
150[0m/capacity:154    route:0,178,166,214,130,199,107,24,54,169,149,84,120,0,
147[0m/capacity:154    route:0,126,89,10,21,215,96,210,0,
153[0m/capacity:154    route:0,227,183,223,66,81,168,154,8,219,0,
152[0m/capacity:154    route:0,44,72,50,88,208,177,13,172,159,83,206,61,193,173,133,58,42,0,
152[0m/capacity:154    route:0,23,105,147,143,174,43,188,63,9,123,153,0,
154[0m/capacity:154    route:0,73,115,49,226,7,113,31,0,
149[0m/capacity:154    route:0,38,198,217,79,224,216,3,48,95,209,94,135,46,180,161,93,0,
145[0m/capacity:154    route:0,137,36,14,4,116,148,52,0,
146[0m/capacity:154    route:0,91,141,221,99,138,122,97,165,139,108,20,162,144,0,
[31munvisited:[1K[0mimprove rate:74.7035

