3.23864898740722 7.341217099325861 0
9.11234965154616 9.221607079385961 9.76055962280159
0.16796031443914616 1.565196980838962 15.281771911604851
2.5347742977985166 3.5444184044525064 11.117351392880149
1.476922725856472 4.060667347604589 16.181227159069717
6.262505075411788 6.221971123122403 15.944216726526873
7.994074376377137 9.799320556778072 13.441443278982456
9.143511500884074 2.7640233185218865 16.736783163383343
2.9714292707583 6.402205340527752 17.76844942180464
7.524049549846672 5.137486150314467 17.56654919277727
6.243678508587372 9.274466040076062 4.998494028829697
5.51758037168584 3.4447222982030334 14.23511715675807
3.194402612213252 0.5205728001328225 15.702298084419668
5.3144253886862 1.22468068436555 16.60793829393593
3.1173545656599844 3.5133532093495337 6.609451074931344
0.6094291832163212 6.954389748117048 8.764708392344566
1.6808594519171516 1.008985280950505 15.323078205746045
6.962248358720804 2.6707698672265536 11.912208931029033
6.974753630064157 3.568075056515425 19.32932697310437
2.223806601016843 8.215560689728537 4.57921583331884
5.914077339076974 8.013949236859329 11.711556291100129
7.188078219403348 4.649943062952228 4.848174930773154
9.834416179379916 9.477589516125045 2.7297179558453104
2.1784270317305388 2.80592538636379 15.010572123707616
4.523358063308115 0.2037674997732586 14.591747119111083
2.0938201959642253 6.871191556986412 7.9331368410013585
6.950364416195397 9.158256098735635 5.974992195111243
8.980400557941222 7.839572724857837 16.903424772594626
0.2285629103377207 2.924328565593717 9.858318160038861
0.2362243187521318 9.062907899038839 19.305569198762157
2.5164908949627773 6.186559734368817 5.207041801257406
2.8126283793849316 2.9765993209590635 9.150363847810105
4.525333926526299 7.556015402974147 4.7301708980084225
5.806635840431063 0.5645893700802807 7.462284492940813
6.947758486124341 1.8518884674407776 13.26873617753649
1.9723067164480568 0.44623475718822303 10.404686783923959
4.599981047012495 7.791550100056047 16.56505024727427
0.30932660767294506 7.79823991139184 9.63005533577222
6.826737003446347 1.5968604124297892 12.105290320507562
4.116889919304976 5.8410904354260085 9.776677636544829
8.571668756167094 7.577748471243092 12.336640441372884
5.480569719212673 4.329374205115189 11.746907357951443
3.146463908101693 2.472986251770309 13.844084799003038
1.931417775063431 3.845440123933793 11.636942509066229
2.961745804606143 6.559527373025443 9.941395366468914
8.912841653959724 3.880920078150555 8.470794243660595
0.5331523051016085 7.78429093106351 19.004157011056417
0.28293140518941606 6.763718478866108 15.385492599843015
2.5458631239939766 5.120824588860499 1.7912035687980494
4.807641647565629 0.12817709323838522 4.664331324559465
2.6487192555555996 2.832859323457529 16.69485152236131
4.846392153553988 7.696024289217575 6.798088905267995
7.540320695095682 6.656954886440637 11.121514776308581
5.49571244418498 6.1941304815133815 1.4775576568223814
5.246692888941324 6.196042993840055 15.764611754800487
2.36395228365598 7.670131918181873 11.88778801157244
2.5568150631708075 0.7161498765111951 8.509567011824444
6.942326439544628 0.258162186217723 8.323882485952007
5.358153741868872 8.63821292688977 9.410400336581368
8.441688842413171 2.9542350702846285 1.2274307688990178
1.5142607823066745 0.6459967230600561 3.3560770800513557
3.5763131995009436 1.6744483957133338 18.692586870230134
4.594414384776005 6.617083969576857 14.052475443449595
8.58198025084841 5.537695576480423 12.396419877743803
7.0973143162395145 3.5590745863118176 1.6867587404292066
7.738614467581469 6.127909806642875 2.7935597111480974
7.507039421580474 5.91403832983468 17.216223740301047
1.6243385970464985 9.750712726073582 15.364883250196993
2.175625794459796 0.9037796518441832 17.166566714735453
4.984424006808931 7.013201222308555 1.501441511648407
6.8549568284312326 6.081765828492514 2.35701485521498
2.288679393596139 0.09816751583795136 11.223005973307565
1.9423501865490855 6.3732439218942485 11.57489407315684
3.8293231099182257 3.2373644538877833 15.15239436238661
6.465115759877626 4.626812474745955 19.535316298892948
5.785074045284553 3.1909587355970084 5.716374955747581
9.309071037855803 5.450777171254653 11.165162073969256
2.5320112728031905 6.46941681308086 13.306003252682311
9.551441798942383 5.8054985969917485 5.486544079735325
9.680993385319422 6.010970952604397 4.890223421153518
4.2815025532389175 8.097178573764129 19.627912547487362
2.3679677331236015 7.909851183057203 1.7849934478314178
0.8979665599350972 1.6550426043937383 15.780777472328372
4.4335587009383115 8.369465330869911 17.662781716964396
9.578214411464929 3.6948225265644608 8.799436760880312
7.837010709558081 4.652159779125511 14.18695738459824
5.872981931838268 3.0083115800764206 8.446415455812183
8.530769594768909 5.488561294616659 13.690298359001247
5.586845880972225 2.3516057676808453 13.272534139812976
8.688940235870174 1.7418878953745587 18.393939873118693
1.4000621334048902 4.93534381676297 16.44754009506258
5.137058729714168 3.8092927791249585 11.518085785210536
4.788177582372844 3.5672813157794634 19.404970507193383
8.304082372586537 9.099105004846312 6.552222603182466
2.3526180678399324 2.8649237666240177 12.35726951822947
5.566200096518497 0.8980666923569436 9.893231843589017
0.07463200327059938 8.797475205456278 2.0905926372062655
6.674700221202009 3.3228534419560862 6.629797748835769
7.6851530005771105 9.655761442738536 8.279564600783678
0.41748767159828337 9.599597743257736 1.9668195368048744