total_weight:3478
truck_size:23
change truck0 and truck21
total move cost change:1731.87
truck 0's root:
before:0,183,179,53,102,154,219,8,0,
after:0,127,181,164,64,172,128,156,117,204,175,131,183,23,105,96,210,94,209,0,
truck 21's root:
before:0,101,120,79,66,175,204,131,172,128,164,64,127,181,117,156,23,210,96,209,94,105,0,
after:0,120,79,101,219,8,154,66,102,53,179,0,

change truck0 and truck21
total move cost change:1787.73
truck 0's root:
before:0,183,179,53,102,154,219,8,0,
after:0,127,181,164,64,172,128,156,117,204,175,131,53,179,102,66,183,23,105,96,210,94,209,0,
truck 21's root:
before:0,101,120,79,66,175,204,131,172,128,164,64,127,181,117,156,23,210,96,209,94,105,0,
after:0,120,79,101,219,154,8,0,

change truck0 and truck21
total move cost change:1742.13
truck 0's root:
before:0,183,179,53,102,154,219,8,0,
after:0,127,181,164,64,172,128,156,117,131,53,179,102,183,23,105,96,210,94,209,0,
truck 21's root:
before:0,101,120,79,66,175,204,131,172,128,164,64,127,181,117,156,23,210,96,209,94,105,0,
after:0,120,79,101,204,219,175,8,154,66,0,

change truck0 and truck21
total move cost change:1803.2
truck 0's root:
before:0,183,179,53,102,154,219,8,0,
after:0,127,181,164,64,172,128,156,117,204,175,154,131,53,179,102,66,183,23,105,96,210,94,209,0,
truck 21's root:
before:0,101,120,79,66,175,204,131,172,128,164,64,127,181,117,156,23,210,96,209,94,105,0,
after:0,120,79,101,219,8,0,

change truck0 and truck21
total move cost change:1747.73
truck 0's root:
before:0,183,179,53,102,154,219,8,0,
after:0,127,181,164,64,172,128,156,117,154,131,53,179,102,183,23,105,96,210,94,209,0,
truck 21's root:
before:0,101,120,79,66,175,204,131,172,128,164,64,127,181,117,156,23,210,96,209,94,105,0,
after:0,120,79,101,204,219,175,8,66,0,

change truck0 and truck21
total move cost change:1814.72
truck 0's root:
before:0,183,179,53,102,154,219,8,0,
after:0,127,181,164,64,172,128,156,117,219,154,131,53,179,102,183,23,105,96,210,94,209,0,
truck 21's root:
before:0,101,120,79,66,175,204,131,172,128,164,64,127,181,117,156,23,210,96,209,94,105,0,
after:0,120,79,101,204,175,8,66,0,

change truck0 and truck21
total move cost change:1742.43
truck 0's root:
before:0,183,179,53,102,154,219,8,0,
after:0,127,181,164,64,172,128,156,117,204,219,175,154,131,53,179,102,183,23,105,96,210,94,209,0,
truck 21's root:
before:0,101,120,79,66,175,204,131,172,128,164,64,127,181,117,156,23,210,96,209,94,105,0,
after:0,120,79,101,8,66,0,

change truck0 and truck21
total move cost change:1781.25
truck 0's root:
before:0,183,179,53,102,154,219,8,0,
after:0,127,181,164,64,172,128,156,117,204,219,154,131,53,179,102,183,23,105,96,210,94,209,0,
truck 21's root:
before:0,101,120,79,66,175,204,131,172,128,164,64,127,181,117,156,23,210,96,209,94,105,0,
after:0,120,79,101,175,8,66,0,

change truck1 and truck21
total move cost change:2270.37
truck 1's root:
before:0,82,92,61,193,62,165,97,33,0,
after:0,117,156,128,61,92,82,64,164,181,127,209,94,210,96,105,23,0,
truck 21's root:
before:0,101,120,79,66,175,204,131,172,128,164,64,127,181,117,156,23,210,96,209,94,105,0,
after:0,120,66,131,175,204,62,193,172,33,165,97,79,101,0,

change truck1 and truck21
total move cost change:2300.36
truck 1's root:
before:0,82,92,61,193,62,165,97,33,0,
after:0,117,156,62,193,61,92,82,64,181,127,209,94,210,96,105,23,0,
truck 21's root:
before:0,101,120,79,66,175,204,131,172,128,164,64,127,181,117,156,23,210,96,209,94,105,0,
after:0,120,66,131,175,204,128,172,33,165,97,164,79,101,0,

change truck1 and truck21
total move cost change:2292.88
truck 1's root:
before:0,82,92,61,193,62,165,97,33,0,
after:0,117,156,62,193,61,92,82,64,164,181,127,209,94,210,96,105,23,0,
truck 21's root:
before:0,101,120,79,66,175,204,131,172,128,164,64,127,181,117,156,23,210,96,209,94,105,0,
after:0,120,66,131,175,204,128,172,33,165,97,79,101,0,

change truck1 and truck21
total move cost change:2384.82
truck 1's root:
before:0,82,92,61,193,62,165,97,33,0,
after:0,117,156,62,193,61,92,82,64,165,97,181,127,209,94,210,96,105,23,0,
truck 21's root:
before:0,101,120,79,66,175,204,131,172,128,164,64,127,181,117,156,23,210,96,209,94,105,0,
after:0,120,66,131,175,204,128,172,33,164,79,101,0,

change truck1 and truck21
total move cost change:2316.2
truck 1's root:
before:0,82,92,61,193,62,165,97,33,0,
after:0,117,156,62,193,61,92,82,164,64,165,97,181,127,209,94,210,96,105,23,0,
truck 21's root:
before:0,101,120,79,66,175,204,131,172,128,164,64,127,181,117,156,23,210,96,209,94,105,0,
after:0,120,66,131,175,204,128,172,33,79,101,0,

change truck2 and truck21
total move cost change:1922.7
truck 2's root:
before:0,29,57,30,0,
after:0,117,156,128,64,164,127,181,29,209,94,210,96,105,23,0,
truck 21's root:
before:0,101,120,79,66,175,204,131,172,128,164,64,127,181,117,156,23,210,96,209,94,105,0,
after:0,120,66,131,175,204,30,57,172,79,101,0,

change truck2 and truck21
total move cost change:1926.81
truck 2's root:
before:0,29,57,30,0,
after:0,117,156,128,172,64,164,127,181,29,209,94,210,96,105,23,0,
truck 21's root:
before:0,101,120,79,66,175,204,131,172,128,164,64,127,181,117,156,23,210,96,209,94,105,0,
after:0,120,66,131,175,204,30,57,79,101,0,

change truck2 and truck21
total move cost change:1925.07
truck 2's root:
before:0,29,57,30,0,
after:0,156,57,29,209,94,210,96,105,23,0,
truck 21's root:
before:0,101,120,79,66,175,204,131,172,128,164,64,127,181,117,156,23,210,96,209,94,105,0,
after:0,120,66,131,175,204,30,128,172,64,164,181,127,79,117,101,0,

change truck4 and truck21
total move cost change:2101.43
truck 4's root:
before:0,12,162,25,0,
after:0,117,156,12,164,64,181,127,209,94,210,96,105,23,0,
truck 21's root:
before:0,101,120,79,66,175,204,131,172,128,164,64,127,181,117,156,23,210,96,209,94,105,0,
after:0,120,79,25,162,172,128,131,66,175,204,101,0,

change truck5 and truck21
total move cost change:2142.18
truck 5's root:
before:0,60,142,68,148,133,36,137,119,5,0,
after:0,101,79,127,181,164,64,172,128,156,117,204,175,131,66,60,23,105,96,210,94,209,120,0,
truck 21's root:
before:0,101,120,79,66,175,204,131,172,128,164,64,127,181,117,156,23,210,96,209,94,105,0,
after:0,142,68,119,5,36,137,133,148,0,

change truck6 and truck21
total move cost change:3399.32
truck 6's root:
before:0,187,55,81,197,224,138,177,88,116,80,167,111,121,3,90,91,157,0,
after:0,127,181,164,64,172,128,156,117,204,175,55,131,187,23,105,96,210,94,209,0,
truck 21's root:
before:0,101,120,79,66,175,204,131,172,128,164,64,127,181,117,156,23,210,96,209,94,105,0,
after:0,120,3,224,79,121,111,138,167,88,177,116,80,91,101,81,66,197,157,90,0,

change truck6 and truck21
total move cost change:3440.65
truck 6's root:
before:0,187,55,81,197,224,138,177,88,116,80,167,111,121,3,90,91,157,0,
after:0,127,181,164,64,172,128,156,117,204,175,55,131,81,66,187,23,105,96,210,94,209,0,
truck 21's root:
before:0,101,120,79,66,175,204,131,172,128,164,64,127,181,117,156,23,210,96,209,94,105,0,
after:0,120,3,224,79,121,111,138,167,88,177,116,80,91,101,197,157,90,0,

change truck6 and truck21
total move cost change:3397.76
truck 6's root:
before:0,187,55,81,197,224,138,177,88,116,80,167,111,121,3,90,91,157,0,
after:0,127,181,164,64,172,128,156,117,204,175,55,131,81,187,23,105,96,210,94,209,0,
truck 21's root:
before:0,101,120,79,66,175,204,131,172,128,164,64,127,181,117,156,23,210,96,209,94,105,0,
after:0,120,3,224,79,121,111,138,167,88,177,116,80,91,101,66,197,157,90,0,

change truck6 and truck21
total move cost change:4105.43
truck 6's root:
before:0,187,55,81,197,224,138,177,88,116,80,167,111,121,3,90,91,157,0,
after:0,79,127,181,164,64,172,128,156,117,204,175,55,131,81,66,197,187,23,105,96,210,94,209,0,
truck 21's root:
before:0,101,120,79,66,175,204,131,172,128,164,64,127,181,117,156,23,210,96,209,94,105,0,
after:0,90,101,91,80,177,88,116,167,138,111,121,224,3,157,120,0,

change truck6 and truck21
total move cost change:3354.85
truck 6's root:
before:0,187,55,81,197,224,138,177,88,116,80,167,111,121,3,90,91,157,0,
after:0,224,127,181,138,164,64,88,177,156,117,55,81,197,187,23,105,96,210,94,209,0,
truck 21's root:
before:0,101,120,79,66,175,204,131,172,128,164,64,127,181,117,156,23,210,96,209,94,105,0,
after:0,90,91,79,121,111,167,116,172,128,80,131,66,175,204,101,157,3,120,0,

change truck6 and truck21
total move cost change:3362.12
truck 6's root:
before:0,187,55,81,197,224,138,177,88,116,80,167,111,121,3,90,91,157,0,
after:0,224,127,181,138,64,164,116,88,177,80,156,117,55,81,197,187,23,105,96,210,94,209,0,
truck 21's root:
before:0,101,120,79,66,175,204,131,172,128,164,64,127,181,117,156,23,210,96,209,94,105,0,
after:0,90,91,79,121,111,167,172,128,131,66,175,204,101,157,3,120,0,

change truck6 and truck21
total move cost change:3402.74
truck 6's root:
before:0,187,55,81,197,224,138,177,88,116,80,167,111,121,3,90,91,157,0,
after:0,224,127,181,138,167,116,88,177,80,156,117,55,81,197,187,23,105,96,210,94,209,0,
truck 21's root:
before:0,101,120,79,66,175,204,131,172,128,164,64,127,181,117,156,23,210,96,209,94,105,0,
after:0,90,91,79,121,111,164,64,172,128,131,66,175,204,101,157,3,120,0,

change truck6 and truck21
total move cost change:3592.07
truck 6's root:
before:0,187,55,81,197,224,138,177,88,116,80,167,111,121,3,90,91,157,0,
after:0,224,181,138,167,116,88,177,80,156,117,55,81,197,187,23,105,96,210,94,209,0,
truck 21's root:
before:0,101,120,79,66,175,204,131,172,128,164,64,127,181,117,156,23,210,96,209,94,105,0,
after:0,90,101,204,175,66,131,128,172,64,164,111,121,127,79,91,3,157,120,0,

change truck6 and truck21
total move cost change:3407.26
truck 6's root:
before:0,187,55,81,197,224,138,177,88,116,80,167,111,121,3,90,91,157,0,
after:0,224,181,127,111,138,167,116,88,177,80,156,117,55,81,197,187,23,105,96,210,94,209,0,
truck 21's root:
before:0,101,120,79,66,175,204,131,172,128,164,64,127,181,117,156,23,210,96,209,94,105,0,
after:0,90,91,79,121,164,64,172,128,131,66,175,204,101,157,3,120,0,

change truck7 and truck21
total move cost change:1984.58
truck 7's root:
before:0,2,184,27,0,
after:0,66,131,175,204,117,156,128,172,64,164,181,127,79,101,2,209,94,210,96,105,23,120,0,
truck 21's root:
before:0,101,120,79,66,175,204,131,172,128,164,64,127,181,117,156,23,210,96,209,94,105,0,
after:0,184,27,0,

change truck9 and truck21
total move cost change:2906.62
truck 9's root:
before:0,108,206,99,59,37,39,207,40,6,0,
after:0,117,156,206,108,64,164,37,59,99,181,127,209,94,210,96,105,23,0,
truck 21's root:
before:0,101,120,79,66,175,204,131,172,128,164,64,127,181,117,156,23,210,96,209,94,105,0,
after:0,120,66,131,175,204,207,128,40,172,6,39,79,101,0,

change truck9 and truck21
total move cost change:2834.2
truck 9's root:
before:0,108,206,99,59,37,39,207,40,6,0,
after:0,117,156,128,206,108,64,39,164,37,59,99,181,127,209,94,210,96,105,23,0,
truck 21's root:
before:0,101,120,79,66,175,204,131,172,128,164,64,127,181,117,156,23,210,96,209,94,105,0,
after:0,120,66,131,175,204,207,40,172,6,79,101,0,

change truck9 and truck21
total move cost change:2767.6
truck 9's root:
before:0,108,206,99,59,37,39,207,40,6,0,
after:0,117,156,207,128,206,108,64,39,164,37,59,99,181,127,209,94,210,96,105,23,0,
truck 21's root:
before:0,101,120,79,66,175,204,131,172,128,164,64,127,181,117,156,23,210,96,209,94,105,0,
after:0,120,66,131,175,204,40,172,6,79,101,0,

change truck10 and truck21
total move cost change:3102.3
truck 10's root:
before:0,170,75,141,56,112,50,208,220,78,186,192,225,69,22,0,
after:0,117,156,170,128,172,208,50,64,56,112,164,75,141,181,127,209,94,210,96,105,23,0,
truck 21's root:
before:0,101,120,79,66,175,204,131,172,128,164,64,127,181,117,156,23,210,96,209,94,105,0,
after:0,120,79,192,220,78,186,131,22,66,175,204,69,225,101,0,

change truck10 and truck21
total move cost change:3018.57
truck 10's root:
before:0,170,75,141,56,112,50,208,220,78,186,192,225,69,22,0,
after:0,117,156,170,220,128,208,50,64,56,112,164,75,141,181,127,209,94,210,96,105,23,0,
truck 21's root:
before:0,101,120,79,66,175,204,131,172,128,164,64,127,181,117,156,23,210,96,209,94,105,0,
after:0,120,66,22,131,175,204,69,192,186,78,172,79,225,101,0,

change truck10 and truck21
total move cost change:3102.29
truck 10's root:
before:0,170,75,141,56,112,50,208,220,78,186,192,225,69,22,0,
after:0,117,156,170,220,128,172,208,50,64,56,112,164,75,141,181,127,209,94,210,96,105,23,0,
truck 21's root:
before:0,101,120,79,66,175,204,131,172,128,164,64,127,181,117,156,23,210,96,209,94,105,0,
after:0,120,79,192,78,186,131,22,66,175,204,69,225,101,0,

change truck10 and truck21
total move cost change:3075.49
truck 10's root:
before:0,170,75,141,56,112,50,208,220,78,186,192,225,69,22,0,
after:0,117,156,170,220,128,78,172,208,50,64,56,112,164,75,141,181,127,209,94,210,96,105,23,0,
truck 21's root:
before:0,101,120,79,66,175,204,131,172,128,164,64,127,181,117,156,23,210,96,209,94,105,0,
after:0,120,79,192,186,131,22,66,175,204,69,225,101,0,

change truck10 and truck21
total move cost change:2964.21
truck 10's root:
before:0,170,75,141,56,112,50,208,220,78,186,192,225,69,22,0,
after:0,156,170,186,78,220,208,50,112,56,75,141,209,94,210,96,105,23,0,
truck 21's root:
before:0,101,120,79,66,175,204,131,172,128,164,64,127,181,117,156,23,210,96,209,94,105,0,
after:0,120,66,22,131,175,204,69,117,192,128,172,64,164,181,127,79,225,101,0,

change truck11 and truck21
total move cost change:3358.18
truck 11's root:
before:0,191,122,217,155,202,163,151,222,212,158,1,0,
after:0,155,156,191,122,217,209,94,210,96,105,23,0,
truck 21's root:
before:0,101,120,79,66,175,204,131,172,128,164,64,127,181,117,156,23,210,96,209,94,105,0,
after:0,120,66,131,175,204,202,117,151,212,222,158,128,1,172,64,163,164,181,127,79,101,0,

change truck11 and truck21
total move cost change:3271.25
truck 11's root:
before:0,191,122,217,155,202,163,151,222,212,158,1,0,
after:0,155,202,117,156,191,64,122,164,127,181,217,209,94,210,96,105,23,0,
truck 21's root:
before:0,101,120,79,66,175,204,131,172,128,164,64,127,181,117,156,23,210,96,209,94,105,0,
after:0,120,66,131,175,204,151,212,222,158,128,1,172,163,79,101,0,

change truck11 and truck21
total move cost change:3313.12
truck 11's root:
before:0,191,122,217,155,202,163,151,222,212,158,1,0,
after:0,155,202,156,191,122,163,217,209,94,210,96,105,23,0,
truck 21's root:
before:0,101,120,79,66,175,204,131,172,128,164,64,127,181,117,156,23,210,96,209,94,105,0,
after:0,120,66,131,175,204,117,151,212,222,158,128,1,172,64,164,181,127,79,101,0,

change truck11 and truck21
total move cost change:3318.97
truck 11's root:
before:0,191,122,217,155,202,163,151,222,212,158,1,0,
after:0,155,202,117,151,156,212,222,191,128,172,64,122,164,163,127,181,217,209,94,210,96,105,23,0,
truck 21's root:
before:0,101,120,79,66,175,204,131,172,128,164,64,127,181,117,156,23,210,96,209,94,105,0,
after:0,120,66,131,175,204,1,158,79,101,0,

change truck11 and truck21
total move cost change:3288.04
truck 11's root:
before:0,191,122,217,155,202,163,151,222,212,158,1,0,
after:0,155,202,117,151,156,212,222,191,128,158,164,64,122,163,127,181,217,209,94,210,96,105,23,0,
truck 21's root:
before:0,101,120,79,66,175,204,131,172,128,164,64,127,181,117,156,23,210,96,209,94,105,0,
after:0,120,66,131,175,204,1,172,79,101,0,

change truck12 and truck21
total move cost change:2689.39
truck 12's root:
before:0,160,218,58,103,136,190,201,221,83,67,86,134,11,150,85,211,0,
after:0,66,131,175,204,117,156,128,172,64,164,181,127,79,218,101,209,94,210,96,105,23,160,120,0,
truck 21's root:
before:0,101,120,79,66,175,204,131,172,128,164,64,127,181,117,156,23,210,96,209,94,105,0,
after:0,58,103,221,136,201,190,67,83,86,134,85,11,150,211,0,

change truck12 and truck21
total move cost change:2827.94
truck 12's root:
before:0,160,218,58,103,136,190,201,221,83,67,86,134,11,150,85,211,0,
after:0,58,101,218,79,127,181,164,64,172,128,156,117,204,175,131,66,23,105,96,210,94,209,160,120,0,
truck 21's root:
before:0,101,120,79,66,175,204,131,172,128,164,64,127,181,117,156,23,210,96,209,94,105,0,
after:0,103,221,136,201,190,67,83,86,134,85,11,150,211,0,

change truck12 and truck21
total move cost change:3628.61
truck 12's root:
before:0,160,218,58,103,136,190,201,221,83,67,86,134,11,150,85,211,0,
after:0,103,58,218,117,156,181,127,209,94,210,96,105,23,160,0,
truck 21's root:
before:0,101,120,79,66,175,204,131,172,128,164,64,127,181,117,156,23,210,96,209,94,105,0,
after:0,120,211,66,150,11,131,85,175,204,134,67,86,128,83,172,64,190,201,136,221,164,79,101,0,

change truck12 and truck21
total move cost change:3678.5
truck 12's root:
before:0,160,218,58,103,136,190,201,221,83,67,86,134,11,150,85,211,0,
after:0,103,58,218,117,156,64,190,136,127,181,209,94,210,96,105,23,160,0,
truck 21's root:
before:0,101,120,79,66,175,204,131,172,128,164,64,127,181,117,156,23,210,96,209,94,105,0,
after:0,120,211,66,150,11,131,85,175,204,128,83,172,86,67,134,164,201,221,79,101,0,

change truck12 and truck21
total move cost change:3581.06
truck 12's root:
before:0,160,218,58,103,136,190,201,221,83,67,86,134,11,150,85,211,0,
after:0,103,58,218,117,156,128,164,64,190,201,221,136,127,181,209,94,210,96,105,23,160,0,
truck 21's root:
before:0,101,120,79,66,175,204,131,172,128,164,64,127,181,117,156,23,210,96,209,94,105,0,
after:0,120,211,66,150,11,131,85,175,204,86,83,172,67,134,79,101,0,

change truck12 and truck21
total move cost change:3543.57
truck 12's root:
before:0,160,218,58,103,136,190,201,221,83,67,86,134,11,150,85,211,0,
after:0,103,58,218,117,156,128,172,64,190,201,164,221,136,127,181,209,94,210,96,105,23,160,0,
truck 21's root:
before:0,101,120,79,66,175,204,131,172,128,164,64,127,181,117,156,23,210,96,209,94,105,0,
after:0,120,211,66,150,11,131,85,175,204,86,83,67,134,79,101,0,

change truck12 and truck21
total move cost change:3624.54
truck 12's root:
before:0,160,218,58,103,136,190,201,221,83,67,86,134,11,150,85,211,0,
after:0,103,58,218,117,156,128,83,172,64,190,201,164,221,136,127,181,209,94,210,96,105,23,160,0,
truck 21's root:
before:0,101,120,79,66,175,204,131,172,128,164,64,127,181,117,156,23,210,96,209,94,105,0,
after:0,120,211,66,150,11,131,85,175,204,86,67,134,79,101,0,

change truck12 and truck21
total move cost change:3647.16
truck 12's root:
before:0,160,218,58,103,136,190,201,221,83,67,86,134,11,150,85,211,0,
after:0,103,58,218,117,156,128,83,172,67,164,64,190,201,221,136,127,181,209,94,210,96,105,23,160,0,
truck 21's root:
before:0,101,120,79,66,175,204,131,172,128,164,64,127,181,117,156,23,210,96,209,94,105,0,
after:0,120,211,66,150,11,131,85,175,204,86,134,79,101,0,

change truck12 and truck21
total move cost change:3155.72
truck 12's root:
before:0,160,218,58,103,136,190,201,221,83,67,86,134,11,150,85,211,0,
after:0,103,58,218,181,127,136,221,201,190,64,172,83,128,86,67,164,134,156,117,131,160,23,105,96,210,94,209,0,
truck 21's root:
before:0,101,120,79,66,175,204,131,172,128,164,64,127,181,117,156,23,210,96,209,94,105,0,
after:0,120,79,101,204,85,11,150,66,175,211,0,

change truck12 and truck21
total move cost change:3204.25
truck 12's root:
before:0,160,218,58,103,136,190,201,221,83,67,86,134,11,150,85,211,0,
after:0,103,58,218,181,127,136,221,201,190,64,172,83,128,86,67,164,134,156,117,204,175,131,160,23,105,96,210,94,209,0,
truck 21's root:
before:0,101,120,79,66,175,204,131,172,128,164,64,127,181,117,156,23,210,96,209,94,105,0,
after:0,120,79,101,85,11,150,66,211,0,

change truck13 and truck21
total move cost change:2578.01
truck 13's root:
before:0,77,98,195,205,106,35,176,51,124,28,0,
after:0,195,79,127,181,164,64,172,128,156,117,98,205,77,35,106,204,175,131,66,23,105,96,210,94,209,120,0,
truck 21's root:
before:0,101,120,79,66,175,204,131,172,128,164,64,127,181,117,156,23,210,96,209,94,105,0,
after:0,101,28,51,124,176,0,

change truck13 and truck21
total move cost change:2757.23
truck 13's root:
before:0,77,98,195,205,106,35,176,51,124,28,0,
after:0,101,77,195,205,79,127,181,164,64,172,128,156,98,117,204,175,131,66,23,105,96,210,94,209,120,0,
truck 21's root:
before:0,101,120,79,66,175,204,131,172,128,164,64,127,181,117,156,23,210,96,209,94,105,0,
after:0,35,176,28,51,124,106,0,

change truck13 and truck21
total move cost change:2626.17
truck 13's root:
before:0,77,98,195,205,106,35,176,51,124,28,0,
after:0,195,79,127,181,164,64,172,128,156,117,98,205,77,101,106,204,175,131,66,23,105,96,210,94,209,120,0,
truck 21's root:
before:0,101,120,79,66,175,204,131,172,128,164,64,127,181,117,156,23,210,96,209,94,105,0,
after:0,35,176,28,51,124,0,

change truck13 and truck21
total move cost change:2200.39
truck 13's root:
before:0,77,98,195,205,106,35,176,51,124,28,0,
after:0,106,35,77,176,204,175,66,131,51,117,98,156,128,172,64,164,127,181,205,195,209,94,210,96,105,23,0,
truck 21's root:
before:0,101,120,79,66,175,204,131,172,128,164,64,127,181,117,156,23,210,96,209,94,105,0,
after:0,120,79,28,124,101,0,

change truck13 and truck21
total move cost change:2578.01
truck 13's root:
before:0,77,98,195,205,106,35,176,51,124,28,0,
after:0,195,79,127,181,164,64,172,128,156,117,98,205,77,35,106,204,175,131,66,23,105,96,210,94,209,120,0,
truck 21's root:
before:0,101,120,79,66,175,204,131,172,128,164,64,127,181,117,156,23,210,96,209,94,105,0,
after:0,101,28,51,124,176,0,

change truck16 and truck21
total move cost change:3246.47
truck 16's root:
before:0,45,223,185,100,168,87,17,129,42,227,71,198,38,44,0,
after:0,127,181,164,64,172,128,156,117,204,175,131,45,66,23,105,96,210,94,209,0,
truck 21's root:
before:0,101,120,79,66,175,204,131,172,128,164,64,127,181,117,156,23,210,96,209,94,105,0,
after:0,120,227,129,223,168,87,17,185,100,79,71,198,44,38,101,42,0,

change truck16 and truck21
total move cost change:3247.06
truck 16's root:
before:0,45,223,185,100,168,87,17,129,42,227,71,198,38,44,0,
after:0,127,181,164,64,172,128,156,117,204,175,131,45,23,105,96,210,94,209,0,
truck 21's root:
before:0,101,120,79,66,175,204,131,172,128,164,64,127,181,117,156,23,210,96,209,94,105,0,
after:0,120,227,129,223,66,168,87,17,185,100,79,71,198,44,38,101,42,0,

change truck16 and truck21
total move cost change:3250.31
truck 16's root:
before:0,45,223,185,100,168,87,17,129,42,227,71,198,38,44,0,
after:0,127,181,164,64,172,128,156,117,204,175,131,45,66,223,23,105,96,210,94,209,0,
truck 21's root:
before:0,101,120,79,66,175,204,131,172,128,164,64,127,181,117,156,23,210,96,209,94,105,0,
after:0,120,227,129,168,87,17,185,100,79,71,198,44,38,101,42,0,

change truck16 and truck21
total move cost change:3239.25
truck 16's root:
before:0,45,223,185,100,168,87,17,129,42,227,71,198,38,44,0,
after:0,127,181,164,64,172,128,156,117,131,45,223,23,105,96,210,94,209,0,
truck 21's root:
before:0,101,120,79,66,175,204,131,172,128,164,64,127,181,117,156,23,210,96,209,94,105,0,
after:0,120,227,129,66,168,87,17,175,185,204,100,79,71,198,44,38,101,42,0,

change truck16 and truck21
total move cost change:3247.65
truck 16's root:
before:0,45,223,185,100,168,87,17,129,42,227,71,198,38,44,0,
after:0,127,181,164,64,172,128,156,117,204,131,45,223,23,105,96,210,94,209,0,
truck 21's root:
before:0,101,120,79,66,175,204,131,172,128,164,64,127,181,117,156,23,210,96,209,94,105,0,
after:0,120,227,129,66,168,87,17,175,185,100,79,71,198,44,38,101,42,0,

change truck16 and truck21
total move cost change:3209.83
truck 16's root:
before:0,45,223,185,100,168,87,17,129,42,227,71,198,38,44,0,
after:0,127,181,164,64,128,156,117,185,45,223,23,105,96,210,94,209,0,
truck 21's root:
before:0,101,120,79,66,175,204,131,172,128,164,64,127,181,117,156,23,210,96,209,94,105,0,
after:0,120,227,129,66,168,87,131,17,175,204,100,172,79,71,198,44,38,101,42,0,

change truck16 and truck21
total move cost change:3217.42
truck 16's root:
before:0,45,223,185,100,168,87,17,129,42,227,71,198,38,44,0,
after:0,127,181,164,64,172,128,156,117,185,45,223,23,105,96,210,94,209,0,
truck 21's root:
before:0,101,120,79,66,175,204,131,172,128,164,64,127,181,117,156,23,210,96,209,94,105,0,
after:0,120,227,129,66,168,87,131,17,175,204,100,79,71,198,44,38,101,42,0,

change truck16 and truck21
total move cost change:3787.49
truck 16's root:
before:0,45,223,185,100,168,87,17,129,42,227,71,198,38,44,0,
after:0,127,181,164,64,172,100,128,156,117,185,131,45,223,23,105,96,210,94,209,0,
truck 21's root:
before:0,101,120,79,66,175,204,131,172,128,164,64,127,181,117,156,23,210,96,209,94,105,0,
after:0,120,227,129,66,168,87,17,175,204,101,44,198,79,71,38,42,0,

change truck16 and truck21
total move cost change:3785.28
truck 16's root:
before:0,45,223,185,100,168,87,17,129,42,227,71,198,38,44,0,
after:0,127,181,164,64,172,100,128,156,117,204,185,175,131,45,223,23,105,96,210,94,209,0,
truck 21's root:
before:0,101,120,79,66,175,204,131,172,128,164,64,127,181,117,156,23,210,96,209,94,105,0,
after:0,120,227,129,66,168,87,17,101,44,198,79,71,38,42,0,

change truck16 and truck21
total move cost change:3808.53
truck 16's root:
before:0,45,223,185,100,168,87,17,129,42,227,71,198,38,44,0,
after:0,127,181,164,64,172,100,128,156,117,185,131,45,87,168,223,23,105,96,210,94,209,0,
truck 21's root:
before:0,101,120,79,66,175,204,131,172,128,164,64,127,181,117,156,23,210,96,209,94,105,0,
after:0,120,227,129,66,17,175,204,101,44,198,79,71,38,42,0,

change truck19 and truck21
total move cost change:2740.4
truck 19's root:
before:0,31,49,73,115,226,113,7,0,
after:0,209,94,31,210,96,105,23,0,
truck 21's root:
before:0,101,120,79,66,175,204,131,172,128,164,64,127,181,117,156,23,210,96,209,94,105,0,
after:0,101,79,127,181,164,64,172,128,156,117,204,175,131,66,73,115,49,226,7,113,120,0,

change truck19 and truck21
total move cost change:2734.24
truck 19's root:
before:0,31,49,73,115,226,113,7,0,
after:0,209,94,31,210,96,105,23,49,0,
truck 21's root:
before:0,101,120,79,66,175,204,131,172,128,164,64,127,181,117,156,23,210,96,209,94,105,0,
after:0,101,79,127,181,164,64,172,128,156,117,204,175,131,66,73,115,226,7,113,120,0,

change truck19 and truck21
total move cost change:2708.69
truck 19's root:
before:0,31,49,73,115,226,113,7,0,
after:0,73,49,23,105,96,210,31,94,209,0,
truck 21's root:
before:0,101,120,79,66,175,204,131,172,128,164,64,127,181,117,156,23,210,96,209,94,105,0,
after:0,101,79,127,181,164,64,172,128,156,117,204,175,131,66,115,226,7,113,120,0,

change truck19 and truck21
total move cost change:2707.54
truck 19's root:
before:0,31,49,73,115,226,113,7,0,
after:0,73,115,49,23,105,96,210,31,94,209,0,
truck 21's root:
before:0,101,120,79,66,175,204,131,172,128,164,64,127,181,117,156,23,210,96,209,94,105,0,
after:0,101,79,127,181,164,64,172,128,156,117,204,175,131,66,226,7,113,120,0,

change truck19 and truck21
total move cost change:2743.06
truck 19's root:
before:0,31,49,73,115,226,113,7,0,
after:0,73,115,49,226,105,96,210,31,94,209,0,
truck 21's root:
before:0,101,120,79,66,175,204,131,172,128,164,64,127,181,117,156,23,210,96,209,94,105,0,
after:0,101,79,127,181,164,64,172,128,156,117,204,175,131,66,23,7,113,120,0,

change truck19 and truck21
total move cost change:2538.27
truck 19's root:
before:0,31,49,73,115,226,113,7,0,
after:0,73,115,49,226,105,113,31,0,
truck 21's root:
before:0,101,120,79,66,175,204,131,172,128,164,64,127,181,117,156,23,210,96,209,94,105,0,
after:0,66,131,175,204,117,156,128,172,64,164,181,127,79,101,209,94,96,7,210,23,120,0,

change truck19 and truck21
total move cost change:2720.37
truck 19's root:
before:0,31,49,73,115,226,113,7,0,
after:0,73,115,49,226,105,96,210,113,31,94,209,0,
truck 21's root:
before:0,101,120,79,66,175,204,131,172,128,164,64,127,181,117,156,23,210,96,209,94,105,0,
after:0,101,79,127,181,164,64,172,128,156,117,204,175,131,66,23,7,120,0,

change truck20 and truck21
total move cost change:2327
truck 20's root:
before:0,4,146,72,152,65,14,0,
after:0,117,156,146,4,72,64,181,127,209,94,210,96,105,23,0,
truck 21's root:
before:0,101,120,79,66,175,204,131,172,128,164,64,127,181,117,156,23,210,96,209,94,105,0,
after:0,120,66,131,175,204,128,172,14,152,164,65,79,101,0,

change truck20 and truck21
total move cost change:2301.76
truck 20's root:
before:0,4,146,72,152,65,14,0,
after:0,117,156,146,4,72,164,64,181,127,209,94,210,96,105,23,0,
truck 21's root:
before:0,101,120,79,66,175,204,131,172,128,164,64,127,181,117,156,23,210,96,209,94,105,0,
after:0,120,66,131,175,204,128,172,14,152,65,79,101,0,

change truck21 and truck13
total move cost change:2626.17
truck 21's root:
before:0,101,120,79,66,175,204,131,172,128,164,64,127,181,117,156,23,210,96,209,94,105,0,
after:0,35,176,28,51,124,0,
truck 13's root:
before:0,77,98,195,205,106,35,176,51,124,28,0,
after:0,195,79,127,181,164,64,172,128,156,117,98,205,77,101,106,204,175,131,66,23,105,96,210,94,209,120,0,

change truck21 and truck12
total move cost change:2689.39
truck 21's root:
before:0,101,120,79,66,175,204,131,172,128,164,64,127,181,117,156,23,210,96,209,94,105,0,
after:0,58,103,221,136,201,190,67,83,86,134,85,11,150,211,0,
truck 12's root:
before:0,160,218,58,103,136,190,201,221,83,67,86,134,11,150,85,211,0,
after:0,66,131,175,204,117,156,128,172,64,164,181,127,79,218,101,209,94,210,96,105,23,160,120,0,

change truck21 and truck12
total move cost change:2827.94
truck 21's root:
before:0,101,120,79,66,175,204,131,172,128,164,64,127,181,117,156,23,210,96,209,94,105,0,
after:0,103,221,136,201,190,67,83,86,134,85,11,150,211,0,
truck 12's root:
before:0,160,218,58,103,136,190,201,221,83,67,86,134,11,150,85,211,0,
after:0,58,101,218,79,127,181,164,64,172,128,156,117,204,175,131,66,23,105,96,210,94,209,160,120,0,

change truck21 and truck13
total move cost change:2757.23
truck 21's root:
before:0,101,120,79,66,175,204,131,172,128,164,64,127,181,117,156,23,210,96,209,94,105,0,
after:0,35,176,28,51,124,106,0,
truck 13's root:
before:0,77,98,195,205,106,35,176,51,124,28,0,
after:0,101,77,195,205,79,127,181,164,64,172,128,156,98,117,204,175,131,66,23,105,96,210,94,209,120,0,

change truck21 and truck5
total move cost change:2142.18
truck 21's root:
before:0,101,120,79,66,175,204,131,172,128,164,64,127,181,117,156,23,210,96,209,94,105,0,
after:0,142,68,119,5,36,137,133,148,0,
truck 5's root:
before:0,60,142,68,148,133,36,137,119,5,0,
after:0,101,79,127,181,164,64,172,128,156,117,204,175,131,66,60,23,105,96,210,94,209,120,0,

change truck21 and truck7
total move cost change:1984.58
truck 21's root:
before:0,101,120,79,66,175,204,131,172,128,164,64,127,181,117,156,23,210,96,209,94,105,0,
after:0,184,27,0,
truck 7's root:
before:0,2,184,27,0,
after:0,66,131,175,204,117,156,128,172,64,164,181,127,79,101,2,209,94,210,96,105,23,120,0,

change truck21 and truck13
total move cost change:2613.42
truck 21's root:
before:0,101,120,79,66,175,204,131,172,128,164,64,127,181,117,156,23,210,96,209,94,105,0,
after:0,35,101,176,28,51,124,0,
truck 13's root:
before:0,77,98,195,205,106,35,176,51,124,28,0,
after:0,195,79,127,181,164,64,172,128,156,117,98,205,77,106,204,175,131,66,23,105,96,210,94,209,120,0,

change truck21 and truck12
total move cost change:2688.46
truck 21's root:
before:0,101,120,79,66,175,204,131,172,128,164,64,127,181,117,156,23,210,96,209,94,105,0,
after:0,103,58,101,221,136,201,190,67,83,86,134,85,11,150,211,0,
truck 12's root:
before:0,160,218,58,103,136,190,201,221,83,67,86,134,11,150,85,211,0,
after:0,66,131,175,204,117,156,128,172,64,164,181,127,79,218,209,94,210,96,105,23,160,120,0,

change truck21 and truck12
total move cost change:2813.57
truck 21's root:
before:0,101,120,79,66,175,204,131,172,128,164,64,127,181,117,156,23,210,96,209,94,105,0,
after:0,103,101,221,136,201,190,67,83,86,134,85,11,150,211,0,
truck 12's root:
before:0,160,218,58,103,136,190,201,221,83,67,86,134,11,150,85,211,0,
after:0,58,218,79,127,181,164,64,172,128,156,117,204,175,131,66,23,105,96,210,94,209,160,120,0,

change truck21 and truck13
total move cost change:2752.17
truck 21's root:
before:0,101,120,79,66,175,204,131,172,128,164,64,127,181,117,156,23,210,96,209,94,105,0,
after:0,35,101,176,28,51,124,106,0,
truck 13's root:
before:0,77,98,195,205,106,35,176,51,124,28,0,
after:0,77,195,205,79,127,181,164,64,172,128,156,98,117,204,175,131,66,23,105,96,210,94,209,120,0,

change truck21 and truck5
total move cost change:2314.42
truck 21's root:
before:0,101,120,79,66,175,204,131,172,128,164,64,127,181,117,156,23,210,96,209,94,105,0,
after:0,142,68,119,5,36,137,133,148,101,0,
truck 5's root:
before:0,60,142,68,148,133,36,137,119,5,0,
after:0,79,127,181,164,64,172,128,156,117,204,175,131,66,23,105,96,210,94,209,120,60,0,

change truck21 and truck12
total move cost change:2900.99
truck 21's root:
before:0,101,120,79,66,175,204,131,172,128,164,64,127,181,117,156,23,210,96,209,94,105,0,
after:0,103,58,101,218,221,136,201,190,67,83,86,134,85,11,150,211,0,
truck 12's root:
before:0,160,218,58,103,136,190,201,221,83,67,86,134,11,150,85,211,0,
after:0,79,127,181,164,64,172,128,156,117,204,175,131,66,23,105,96,210,94,209,160,120,0,

change truck21 and truck13
total move cost change:2561.9
truck 21's root:
before:0,101,120,79,66,175,204,131,172,128,164,64,127,181,117,156,23,210,96,209,94,105,0,
after:0,120,195,205,28,51,124,176,101,35,106,0,
truck 13's root:
before:0,77,98,195,205,106,35,176,51,124,28,0,
after:0,79,127,181,164,64,172,128,156,117,98,77,204,175,131,66,23,105,96,210,94,209,0,

change truck21 and truck6
total move cost change:4105.43
truck 21's root:
before:0,101,120,79,66,175,204,131,172,128,164,64,127,181,117,156,23,210,96,209,94,105,0,
after:0,90,101,91,80,177,88,116,167,138,111,121,224,3,157,120,0,
truck 6's root:
before:0,187,55,81,197,224,138,177,88,116,80,167,111,121,3,90,91,157,0,
after:0,79,127,181,164,64,172,128,156,117,204,175,55,131,81,66,197,187,23,105,96,210,94,209,0,

change truck21 and truck0
total move cost change:1787.73
truck 21's root:
before:0,101,120,79,66,175,204,131,172,128,164,64,127,181,117,156,23,210,96,209,94,105,0,
after:0,120,79,101,219,154,8,0,
truck 0's root:
before:0,183,179,53,102,154,219,8,0,
after:0,127,181,164,64,172,128,156,117,204,175,131,53,179,102,66,183,23,105,96,210,94,209,0,

change truck21 and truck16
total move cost change:3250.31
truck 21's root:
before:0,101,120,79,66,175,204,131,172,128,164,64,127,181,117,156,23,210,96,209,94,105,0,
after:0,120,227,129,168,87,17,185,100,79,71,198,44,38,101,42,0,
truck 16's root:
before:0,45,223,185,100,168,87,17,129,42,227,71,198,38,44,0,
after:0,127,181,164,64,172,128,156,117,204,175,131,45,66,223,23,105,96,210,94,209,0,

change truck21 and truck6
total move cost change:3440.65
truck 21's root:
before:0,101,120,79,66,175,204,131,172,128,164,64,127,181,117,156,23,210,96,209,94,105,0,
after:0,120,3,224,79,121,111,138,167,88,177,116,80,91,101,197,157,90,0,
truck 6's root:
before:0,187,55,81,197,224,138,177,88,116,80,167,111,121,3,90,91,157,0,
after:0,127,181,164,64,172,128,156,117,204,175,55,131,81,66,187,23,105,96,210,94,209,0,

change truck21 and truck16
total move cost change:3246.47
truck 21's root:
before:0,101,120,79,66,175,204,131,172,128,164,64,127,181,117,156,23,210,96,209,94,105,0,
after:0,120,227,129,223,168,87,17,185,100,79,71,198,44,38,101,42,0,
truck 16's root:
before:0,45,223,185,100,168,87,17,129,42,227,71,198,38,44,0,
after:0,127,181,164,64,172,128,156,117,204,175,131,45,66,23,105,96,210,94,209,0,

change truck21 and truck0
total move cost change:1742.43
truck 21's root:
before:0,101,120,79,66,175,204,131,172,128,164,64,127,181,117,156,23,210,96,209,94,105,0,
after:0,120,79,101,8,66,0,
truck 0's root:
before:0,183,179,53,102,154,219,8,0,
after:0,127,181,164,64,172,128,156,117,204,219,175,154,131,53,179,102,183,23,105,96,210,94,209,0,

change truck21 and truck6
total move cost change:3399.32
truck 21's root:
before:0,101,120,79,66,175,204,131,172,128,164,64,127,181,117,156,23,210,96,209,94,105,0,
after:0,120,3,224,79,121,111,138,167,88,177,116,80,91,101,81,66,197,157,90,0,
truck 6's root:
before:0,187,55,81,197,224,138,177,88,116,80,167,111,121,3,90,91,157,0,
after:0,127,181,164,64,172,128,156,117,204,175,55,131,187,23,105,96,210,94,209,0,

change truck21 and truck16
total move cost change:3785.28
truck 21's root:
before:0,101,120,79,66,175,204,131,172,128,164,64,127,181,117,156,23,210,96,209,94,105,0,
after:0,120,227,129,66,168,87,17,101,44,198,79,71,38,42,0,
truck 16's root:
before:0,45,223,185,100,168,87,17,129,42,227,71,198,38,44,0,
after:0,127,181,164,64,172,100,128,156,117,204,185,175,131,45,223,23,105,96,210,94,209,0,

change truck21 and truck16
total move cost change:3247.06
truck 21's root:
before:0,101,120,79,66,175,204,131,172,128,164,64,127,181,117,156,23,210,96,209,94,105,0,
after:0,120,227,129,223,66,168,87,17,185,100,79,71,198,44,38,101,42,0,
truck 16's root:
before:0,45,223,185,100,168,87,17,129,42,227,71,198,38,44,0,
after:0,127,181,164,64,172,128,156,117,204,175,131,45,23,105,96,210,94,209,0,

change truck21 and truck0
total move cost change:1781.25
truck 21's root:
before:0,101,120,79,66,175,204,131,172,128,164,64,127,181,117,156,23,210,96,209,94,105,0,
after:0,120,79,101,175,8,66,0,
truck 0's root:
before:0,183,179,53,102,154,219,8,0,
after:0,127,181,164,64,172,128,156,117,204,219,154,131,53,179,102,183,23,105,96,210,94,209,0,

change truck21 and truck16
total move cost change:3787.23
truck 21's root:
before:0,101,120,79,66,175,204,131,172,128,164,64,127,181,117,156,23,210,96,209,94,105,0,
after:0,120,227,129,66,168,87,17,175,101,44,198,79,71,38,42,0,
truck 16's root:
before:0,45,223,185,100,168,87,17,129,42,227,71,198,38,44,0,
after:0,127,181,164,64,172,100,128,156,117,204,185,131,45,223,23,105,96,210,94,209,0,

change truck21 and truck16
total move cost change:3247.65
truck 21's root:
before:0,101,120,79,66,175,204,131,172,128,164,64,127,181,117,156,23,210,96,209,94,105,0,
after:0,120,227,129,66,168,87,17,175,185,100,79,71,198,44,38,101,42,0,
truck 16's root:
before:0,45,223,185,100,168,87,17,129,42,227,71,198,38,44,0,
after:0,127,181,164,64,172,128,156,117,204,131,45,223,23,105,96,210,94,209,0,

change truck21 and truck0
total move cost change:1814.72
truck 21's root:
before:0,101,120,79,66,175,204,131,172,128,164,64,127,181,117,156,23,210,96,209,94,105,0,
after:0,120,79,101,204,175,8,66,0,
truck 0's root:
before:0,183,179,53,102,154,219,8,0,
after:0,127,181,164,64,172,128,156,117,219,154,131,53,179,102,183,23,105,96,210,94,209,0,

change truck21 and truck12
total move cost change:3155.72
truck 21's root:
before:0,101,120,79,66,175,204,131,172,128,164,64,127,181,117,156,23,210,96,209,94,105,0,
after:0,120,79,101,204,85,11,150,66,175,211,0,
truck 12's root:
before:0,160,218,58,103,136,190,201,221,83,67,86,134,11,150,85,211,0,
after:0,103,58,218,181,127,136,221,201,190,64,172,83,128,86,67,164,134,156,117,131,160,23,105,96,210,94,209,0,

change truck21 and truck16
total move cost change:3808.53
truck 21's root:
before:0,101,120,79,66,175,204,131,172,128,164,64,127,181,117,156,23,210,96,209,94,105,0,
after:0,120,227,129,66,17,175,204,101,44,198,79,71,38,42,0,
truck 16's root:
before:0,45,223,185,100,168,87,17,129,42,227,71,198,38,44,0,
after:0,127,181,164,64,172,100,128,156,117,185,131,45,87,168,223,23,105,96,210,94,209,0,

change truck21 and truck0
total move cost change:1742.13
truck 21's root:
before:0,101,120,79,66,175,204,131,172,128,164,64,127,181,117,156,23,210,96,209,94,105,0,
after:0,120,79,101,204,219,175,8,154,66,0,
truck 0's root:
before:0,183,179,53,102,154,219,8,0,
after:0,127,181,164,64,172,128,156,117,131,53,179,102,183,23,105,96,210,94,209,0,

change truck21 and truck16
total move cost change:3787.49
truck 21's root:
before:0,101,120,79,66,175,204,131,172,128,164,64,127,181,117,156,23,210,96,209,94,105,0,
after:0,120,227,129,66,168,87,17,175,204,101,44,198,79,71,38,42,0,
truck 16's root:
before:0,45,223,185,100,168,87,17,129,42,227,71,198,38,44,0,
after:0,127,181,164,64,172,100,128,156,117,185,131,45,223,23,105,96,210,94,209,0,

change truck21 and truck16
total move cost change:3239.25
truck 21's root:
before:0,101,120,79,66,175,204,131,172,128,164,64,127,181,117,156,23,210,96,209,94,105,0,
after:0,120,227,129,66,168,87,17,175,185,204,100,79,71,198,44,38,101,42,0,
truck 16's root:
before:0,45,223,185,100,168,87,17,129,42,227,71,198,38,44,0,
after:0,127,181,164,64,172,128,156,117,131,45,223,23,105,96,210,94,209,0,

change truck21 and truck0
total move cost change:1747.73
truck 21's root:
before:0,101,120,79,66,175,204,131,172,128,164,64,127,181,117,156,23,210,96,209,94,105,0,
after:0,120,79,101,204,219,175,8,66,0,
truck 0's root:
before:0,183,179,53,102,154,219,8,0,
after:0,127,181,164,64,172,128,156,117,154,131,53,179,102,183,23,105,96,210,94,209,0,

change truck21 and truck2
total move cost change:1926.81
truck 21's root:
before:0,101,120,79,66,175,204,131,172,128,164,64,127,181,117,156,23,210,96,209,94,105,0,
after:0,120,66,131,175,204,30,57,79,101,0,
truck 2's root:
before:0,29,57,30,0,
after:0,117,156,128,172,64,164,127,181,29,209,94,210,96,105,23,0,

change truck21 and truck12
total move cost change:3624.54
truck 21's root:
before:0,101,120,79,66,175,204,131,172,128,164,64,127,181,117,156,23,210,96,209,94,105,0,
after:0,120,211,66,150,11,131,85,175,204,86,67,134,79,101,0,
truck 12's root:
before:0,160,218,58,103,136,190,201,221,83,67,86,134,11,150,85,211,0,
after:0,103,58,218,117,156,128,83,172,64,190,201,164,221,136,127,181,209,94,210,96,105,23,160,0,

change truck21 and truck12
total move cost change:3543.57
truck 21's root:
before:0,101,120,79,66,175,204,131,172,128,164,64,127,181,117,156,23,210,96,209,94,105,0,
after:0,120,211,66,150,11,131,85,175,204,86,83,67,134,79,101,0,
truck 12's root:
before:0,160,218,58,103,136,190,201,221,83,67,86,134,11,150,85,211,0,
after:0,103,58,218,117,156,128,172,64,190,201,164,221,136,127,181,209,94,210,96,105,23,160,0,

change truck21 and truck12
total move cost change:3647.16
truck 21's root:
before:0,101,120,79,66,175,204,131,172,128,164,64,127,181,117,156,23,210,96,209,94,105,0,
after:0,120,211,66,150,11,131,85,175,204,86,134,79,101,0,
truck 12's root:
before:0,160,218,58,103,136,190,201,221,83,67,86,134,11,150,85,211,0,
after:0,103,58,218,117,156,128,83,172,67,164,64,190,201,221,136,127,181,209,94,210,96,105,23,160,0,

change truck21 and truck16
total move cost change:3217.42
truck 21's root:
before:0,101,120,79,66,175,204,131,172,128,164,64,127,181,117,156,23,210,96,209,94,105,0,
after:0,120,227,129,66,168,87,131,17,175,204,100,79,71,198,44,38,101,42,0,
truck 16's root:
before:0,45,223,185,100,168,87,17,129,42,227,71,198,38,44,0,
after:0,127,181,164,64,172,128,156,117,185,45,223,23,105,96,210,94,209,0,

change truck21 and truck11
total move cost change:3318.97
truck 21's root:
before:0,101,120,79,66,175,204,131,172,128,164,64,127,181,117,156,23,210,96,209,94,105,0,
after:0,120,66,131,175,204,1,158,79,101,0,
truck 11's root:
before:0,191,122,217,155,202,163,151,222,212,158,1,0,
after:0,155,202,117,151,156,212,222,191,128,172,64,122,164,163,127,181,217,209,94,210,96,105,23,0,

change truck21 and truck10
total move cost change:3102.3
truck 21's root:
before:0,101,120,79,66,175,204,131,172,128,164,64,127,181,117,156,23,210,96,209,94,105,0,
after:0,120,79,192,220,78,186,131,22,66,175,204,69,225,101,0,
truck 10's root:
before:0,170,75,141,56,112,50,208,220,78,186,192,225,69,22,0,
after:0,117,156,170,128,172,208,50,64,56,112,164,75,141,181,127,209,94,210,96,105,23,0,

change truck21 and truck11
total move cost change:3288.04
truck 21's root:
before:0,101,120,79,66,175,204,131,172,128,164,64,127,181,117,156,23,210,96,209,94,105,0,
after:0,120,66,131,175,204,1,172,79,101,0,
truck 11's root:
before:0,191,122,217,155,202,163,151,222,212,158,1,0,
after:0,155,202,117,151,156,212,222,191,128,158,164,64,122,163,127,181,217,209,94,210,96,105,23,0,

change truck21 and truck9
total move cost change:2767.6
truck 21's root:
before:0,101,120,79,66,175,204,131,172,128,164,64,127,181,117,156,23,210,96,209,94,105,0,
after:0,120,66,131,175,204,40,172,6,79,101,0,
truck 9's root:
before:0,108,206,99,59,37,39,207,40,6,0,
after:0,117,156,207,128,206,108,64,39,164,37,59,99,181,127,209,94,210,96,105,23,0,

change truck21 and truck2
total move cost change:1922.7
truck 21's root:
before:0,101,120,79,66,175,204,131,172,128,164,64,127,181,117,156,23,210,96,209,94,105,0,
after:0,120,66,131,175,204,30,57,172,79,101,0,
truck 2's root:
before:0,29,57,30,0,
after:0,117,156,128,64,164,127,181,29,209,94,210,96,105,23,0,

change truck21 and truck22
total move cost change:2387.94
truck 21's root:
before:0,101,120,79,66,175,204,131,172,128,164,64,127,181,117,156,23,210,96,209,94,105,0,
after:0,120,66,131,175,204,74,159,172,13,139,79,101,0,
truck 22's root:
before:0,20,189,74,159,139,13,0,
after:0,117,156,164,128,189,20,64,181,127,209,94,210,96,105,23,0,

change truck21 and truck10
total move cost change:3018.57
truck 21's root:
before:0,101,120,79,66,175,204,131,172,128,164,64,127,181,117,156,23,210,96,209,94,105,0,
after:0,120,66,22,131,175,204,69,192,186,78,172,79,225,101,0,
truck 10's root:
before:0,170,75,141,56,112,50,208,220,78,186,192,225,69,22,0,
after:0,117,156,170,220,128,208,50,64,56,112,164,75,141,181,127,209,94,210,96,105,23,0,

change truck21 and truck12
total move cost change:3581.06
truck 21's root:
before:0,101,120,79,66,175,204,131,172,128,164,64,127,181,117,156,23,210,96,209,94,105,0,
after:0,120,211,66,150,11,131,85,175,204,86,83,172,67,134,79,101,0,
truck 12's root:
before:0,160,218,58,103,136,190,201,221,83,67,86,134,11,150,85,211,0,
after:0,103,58,218,117,156,128,164,64,190,201,221,136,127,181,209,94,210,96,105,23,160,0,

change truck21 and truck16
total move cost change:3209.83
truck 21's root:
before:0,101,120,79,66,175,204,131,172,128,164,64,127,181,117,156,23,210,96,209,94,105,0,
after:0,120,227,129,66,168,87,131,17,175,204,100,172,79,71,198,44,38,101,42,0,
truck 16's root:
before:0,45,223,185,100,168,87,17,129,42,227,71,198,38,44,0,
after:0,127,181,164,64,128,156,117,185,45,223,23,105,96,210,94,209,0,

change truck21 and truck1
total move cost change:2270.37
truck 21's root:
before:0,101,120,79,66,175,204,131,172,128,164,64,127,181,117,156,23,210,96,209,94,105,0,
after:0,120,66,131,175,204,62,193,172,33,165,97,79,101,0,
truck 1's root:
before:0,82,92,61,193,62,165,97,33,0,
after:0,117,156,128,61,92,82,64,164,181,127,209,94,210,96,105,23,0,

change truck21 and truck9
total move cost change:2834.2
truck 21's root:
before:0,101,120,79,66,175,204,131,172,128,164,64,127,181,117,156,23,210,96,209,94,105,0,
after:0,120,66,131,175,204,207,40,172,6,79,101,0,
truck 9's root:
before:0,108,206,99,59,37,39,207,40,6,0,
after:0,117,156,128,206,108,64,39,164,37,59,99,181,127,209,94,210,96,105,23,0,

change truck21 and truck1
total move cost change:2316.2
truck 21's root:
before:0,101,120,79,66,175,204,131,172,128,164,64,127,181,117,156,23,210,96,209,94,105,0,
after:0,120,66,131,175,204,128,172,33,79,101,0,
truck 1's root:
before:0,82,92,61,193,62,165,97,33,0,
after:0,117,156,62,193,61,92,82,164,64,165,97,181,127,209,94,210,96,105,23,0,

change truck21 and truck9
total move cost change:2906.62
truck 21's root:
before:0,101,120,79,66,175,204,131,172,128,164,64,127,181,117,156,23,210,96,209,94,105,0,
after:0,120,66,131,175,204,207,128,40,172,6,39,79,101,0,
truck 9's root:
before:0,108,206,99,59,37,39,207,40,6,0,
after:0,117,156,206,108,64,164,37,59,99,181,127,209,94,210,96,105,23,0,

change truck21 and truck6
total move cost change:3354.85
truck 21's root:
before:0,101,120,79,66,175,204,131,172,128,164,64,127,181,117,156,23,210,96,209,94,105,0,
after:0,90,91,79,121,111,167,116,172,128,80,131,66,175,204,101,157,3,120,0,
truck 6's root:
before:0,187,55,81,197,224,138,177,88,116,80,167,111,121,3,90,91,157,0,
after:0,224,127,181,138,164,64,88,177,156,117,55,81,197,187,23,105,96,210,94,209,0,

change truck21 and truck11
total move cost change:3271.25
truck 21's root:
before:0,101,120,79,66,175,204,131,172,128,164,64,127,181,117,156,23,210,96,209,94,105,0,
after:0,120,66,131,175,204,151,212,222,158,128,1,172,163,79,101,0,
truck 11's root:
before:0,191,122,217,155,202,163,151,222,212,158,1,0,
after:0,155,202,117,156,191,64,122,164,127,181,217,209,94,210,96,105,23,0,

change truck21 and truck6
total move cost change:3362.12
truck 21's root:
before:0,101,120,79,66,175,204,131,172,128,164,64,127,181,117,156,23,210,96,209,94,105,0,
after:0,90,91,79,121,111,167,172,128,131,66,175,204,101,157,3,120,0,
truck 6's root:
before:0,187,55,81,197,224,138,177,88,116,80,167,111,121,3,90,91,157,0,
after:0,224,127,181,138,64,164,116,88,177,80,156,117,55,81,197,187,23,105,96,210,94,209,0,

change truck21 and truck1
total move cost change:2384.82
truck 21's root:
before:0,101,120,79,66,175,204,131,172,128,164,64,127,181,117,156,23,210,96,209,94,105,0,
after:0,120,66,131,175,204,128,172,33,164,79,101,0,
truck 1's root:
before:0,82,92,61,193,62,165,97,33,0,
after:0,117,156,62,193,61,92,82,64,165,97,181,127,209,94,210,96,105,23,0,

change truck21 and truck10
total move cost change:3213.95
truck 21's root:
before:0,101,120,79,66,175,204,131,172,128,164,64,127,181,117,156,23,210,96,209,94,105,0,
after:0,120,66,22,131,175,204,69,192,220,128,186,78,172,208,50,164,79,225,101,0,
truck 10's root:
before:0,170,75,141,56,112,50,208,220,78,186,192,225,69,22,0,
after:0,117,156,170,75,64,112,56,141,181,127,209,94,210,96,105,23,0,

change truck21 and truck10
total move cost change:3202.18
truck 21's root:
before:0,101,120,79,66,175,204,131,172,128,164,64,127,181,117,156,23,210,96,209,94,105,0,
after:0,120,66,22,131,175,204,69,192,220,128,186,78,172,208,50,164,112,79,225,101,0,
truck 10's root:
before:0,170,75,141,56,112,50,208,220,78,186,192,225,69,22,0,
after:0,117,156,170,75,64,56,141,181,127,209,94,210,96,105,23,0,

change truck21 and truck20
total move cost change:2327
truck 21's root:
before:0,101,120,79,66,175,204,131,172,128,164,64,127,181,117,156,23,210,96,209,94,105,0,
after:0,120,66,131,175,204,128,172,14,152,164,65,79,101,0,
truck 20's root:
before:0,4,146,72,152,65,14,0,
after:0,117,156,146,4,72,64,181,127,209,94,210,96,105,23,0,

change truck21 and truck1
total move cost change:2300.36
truck 21's root:
before:0,101,120,79,66,175,204,131,172,128,164,64,127,181,117,156,23,210,96,209,94,105,0,
after:0,120,66,131,175,204,128,172,33,165,97,164,79,101,0,
truck 1's root:
before:0,82,92,61,193,62,165,97,33,0,
after:0,117,156,62,193,61,92,82,64,181,127,209,94,210,96,105,23,0,

change truck21 and truck12
total move cost change:3678.5
truck 21's root:
before:0,101,120,79,66,175,204,131,172,128,164,64,127,181,117,156,23,210,96,209,94,105,0,
after:0,120,211,66,150,11,131,85,175,204,128,83,172,86,67,134,164,201,221,79,101,0,
truck 12's root:
before:0,160,218,58,103,136,190,201,221,83,67,86,134,11,150,85,211,0,
after:0,103,58,218,117,156,64,190,136,127,181,209,94,210,96,105,23,160,0,

change truck21 and truck10
total move cost change:3342.62
truck 21's root:
before:0,101,120,79,66,175,204,131,172,128,164,64,127,181,117,156,23,210,96,209,94,105,0,
after:0,120,66,22,131,175,204,69,192,220,128,186,78,172,208,50,64,112,164,56,79,225,101,0,
truck 10's root:
before:0,170,75,141,56,112,50,208,220,78,186,192,225,69,22,0,
after:0,117,156,170,75,141,181,127,209,94,210,96,105,23,0,

change truck21 and truck9
total move cost change:3006.14
truck 21's root:
before:0,101,120,79,66,175,204,131,172,128,164,64,127,181,117,156,23,210,96,209,94,105,0,
after:0,120,66,131,175,204,207,128,40,172,6,64,39,164,37,59,79,101,0,
truck 9's root:
before:0,108,206,99,59,37,39,207,40,6,0,
after:0,117,156,206,108,99,181,127,209,94,210,96,105,23,0,

change truck21 and truck6
total move cost change:3402.74
truck 21's root:
before:0,101,120,79,66,175,204,131,172,128,164,64,127,181,117,156,23,210,96,209,94,105,0,
after:0,90,91,79,121,111,164,64,172,128,131,66,175,204,101,157,3,120,0,
truck 6's root:
before:0,187,55,81,197,224,138,177,88,116,80,167,111,121,3,90,91,157,0,
after:0,224,127,181,138,167,116,88,177,80,156,117,55,81,197,187,23,105,96,210,94,209,0,

change truck21 and truck6
total move cost change:3407.26
truck 21's root:
before:0,101,120,79,66,175,204,131,172,128,164,64,127,181,117,156,23,210,96,209,94,105,0,
after:0,90,91,79,121,164,64,172,128,131,66,175,204,101,157,3,120,0,
truck 6's root:
before:0,187,55,81,197,224,138,177,88,116,80,167,111,121,3,90,91,157,0,
after:0,224,181,127,111,138,167,116,88,177,80,156,117,55,81,197,187,23,105,96,210,94,209,0,

change truck21 and truck12
total move cost change:3628.61
truck 21's root:
before:0,101,120,79,66,175,204,131,172,128,164,64,127,181,117,156,23,210,96,209,94,105,0,
after:0,120,211,66,150,11,131,85,175,204,134,67,86,128,83,172,64,190,201,136,221,164,79,101,0,
truck 12's root:
before:0,160,218,58,103,136,190,201,221,83,67,86,134,11,150,85,211,0,
after:0,103,58,218,117,156,181,127,209,94,210,96,105,23,160,0,

change truck21 and truck6
total move cost change:3481.8
truck 21's root:
before:0,101,120,79,66,175,204,131,172,128,164,64,127,181,117,156,23,210,96,209,94,105,0,
after:0,90,91,79,121,111,138,64,164,167,116,88,177,172,128,80,131,66,175,204,101,157,3,120,0,
truck 6's root:
before:0,187,55,81,197,224,138,177,88,116,80,167,111,121,3,90,91,157,0,
after:0,224,127,181,156,117,55,81,197,187,23,105,96,210,94,209,0,

change truck21 and truck20
total move cost change:2455.7
truck 21's root:
before:0,101,120,79,66,175,204,131,172,128,164,64,127,181,117,156,23,210,96,209,94,105,0,
after:0,120,66,131,175,204,128,172,14,64,152,164,65,79,101,0,
truck 20's root:
before:0,4,146,72,152,65,14,0,
after:0,117,156,146,4,72,181,127,209,94,210,96,105,23,0,

change truck21 and truck11
total move cost change:3300.84
truck 21's root:
before:0,101,120,79,66,175,204,131,172,128,164,64,127,181,117,156,23,210,96,209,94,105,0,
after:0,120,66,131,175,204,151,212,222,158,128,1,172,64,163,164,79,101,0,
truck 11's root:
before:0,191,122,217,155,202,163,151,222,212,158,1,0,
after:0,155,202,117,156,191,122,127,181,217,209,94,210,96,105,23,0,

change truck21 and truck12
total move cost change:3573.83
truck 21's root:
before:0,101,120,79,66,175,204,131,172,128,164,64,127,181,117,156,23,210,96,209,94,105,0,
after:0,120,211,66,150,11,131,85,175,204,134,67,86,128,83,172,64,190,201,221,164,79,101,0,
truck 12's root:
before:0,160,218,58,103,136,190,201,221,83,67,86,134,11,150,85,211,0,
after:0,103,58,218,117,156,136,127,181,209,94,210,96,105,23,160,0,

change truck21 and truck12
total move cost change:3534.66
truck 21's root:
before:0,101,120,79,66,175,204,131,172,128,164,64,127,181,117,156,23,210,96,209,94,105,0,
after:0,120,211,66,150,11,131,85,175,204,134,67,86,128,83,172,64,201,221,164,79,101,0,
truck 12's root:
before:0,160,218,58,103,136,190,201,221,83,67,86,134,11,150,85,211,0,
after:0,103,58,218,117,156,190,136,127,181,209,94,210,96,105,23,160,0,

change truck21 and truck12
total move cost change:3584.27
truck 21's root:
before:0,101,120,79,66,175,204,131,172,128,164,64,127,181,117,156,23,210,96,209,94,105,0,
after:0,120,211,66,150,11,131,85,175,204,134,67,86,128,83,172,64,164,221,79,101,0,
truck 12's root:
before:0,160,218,58,103,136,190,201,221,83,67,86,134,11,150,85,211,0,
after:0,103,58,218,117,156,190,201,136,127,181,209,94,210,96,105,23,160,0,

change truck21 and truck6
total move cost change:3592.07
truck 21's root:
before:0,101,120,79,66,175,204,131,172,128,164,64,127,181,117,156,23,210,96,209,94,105,0,
after:0,90,101,204,175,66,131,128,172,64,164,111,121,127,79,91,3,157,120,0,
truck 6's root:
before:0,187,55,81,197,224,138,177,88,116,80,167,111,121,3,90,91,157,0,
after:0,224,181,138,167,116,88,177,80,156,117,55,81,197,187,23,105,96,210,94,209,0,

change truck21 and truck6
total move cost change:3671.13
truck 21's root:
before:0,101,120,79,66,175,204,131,172,128,164,64,127,181,117,156,23,210,96,209,94,105,0,
after:0,90,101,204,175,66,131,80,128,172,177,88,116,167,164,64,138,111,121,127,79,91,3,157,120,0,
truck 6's root:
before:0,187,55,81,197,224,138,177,88,116,80,167,111,121,3,90,91,157,0,
after:0,224,181,156,117,55,81,197,187,23,105,96,210,94,209,0,

change truck21 and truck5
total move cost change:2420.81
truck 21's root:
before:0,101,120,79,66,175,204,131,172,128,164,64,127,181,117,156,23,210,96,209,94,105,0,
after:0,120,79,127,181,119,164,5,64,172,128,133,137,36,148,131,66,175,204,101,0,
truck 5's root:
before:0,60,142,68,148,133,36,137,119,5,0,
after:0,142,117,156,68,209,94,210,96,105,23,60,0,

change truck21 and truck10
total move cost change:3047.13
truck 21's root:
before:0,101,120,79,66,175,204,131,172,128,164,64,127,181,117,156,23,210,96,209,94,105,0,
after:0,120,79,127,181,164,64,172,128,131,22,66,175,204,69,225,101,0,
truck 10's root:
before:0,170,75,141,56,112,50,208,220,78,186,192,225,69,22,0,
after:0,117,192,156,170,186,78,220,208,50,112,56,75,141,209,94,210,96,105,23,0,

change truck21 and truck2
total move cost change:1925.07
truck 21's root:
before:0,101,120,79,66,175,204,131,172,128,164,64,127,181,117,156,23,210,96,209,94,105,0,
after:0,120,66,131,175,204,30,128,172,64,164,181,127,79,117,101,0,
truck 2's root:
before:0,29,57,30,0,
after:0,156,57,29,209,94,210,96,105,23,0,

change truck21 and truck11
total move cost change:3313.12
truck 21's root:
before:0,101,120,79,66,175,204,131,172,128,164,64,127,181,117,156,23,210,96,209,94,105,0,
after:0,120,66,131,175,204,117,151,212,222,158,128,1,172,64,164,181,127,79,101,0,
truck 11's root:
before:0,191,122,217,155,202,163,151,222,212,158,1,0,
after:0,155,202,156,191,122,163,217,209,94,210,96,105,23,0,

change truck21 and truck10
total move cost change:2964.21
truck 21's root:
before:0,101,120,79,66,175,204,131,172,128,164,64,127,181,117,156,23,210,96,209,94,105,0,
after:0,120,66,22,131,175,204,69,117,192,128,172,64,164,181,127,79,225,101,0,
truck 10's root:
before:0,170,75,141,56,112,50,208,220,78,186,192,225,69,22,0,
after:0,156,170,186,78,220,208,50,112,56,75,141,209,94,210,96,105,23,0,

change truck21 and truck19
total move cost change:2740.4
truck 21's root:
before:0,101,120,79,66,175,204,131,172,128,164,64,127,181,117,156,23,210,96,209,94,105,0,
after:0,101,79,127,181,164,64,172,128,156,117,204,175,131,66,73,115,49,226,7,113,120,0,
truck 19's root:
before:0,31,49,73,115,226,113,7,0,
after:0,209,94,31,210,96,105,23,0,

change truck21 and truck19
total move cost change:2734.24
truck 21's root:
before:0,101,120,79,66,175,204,131,172,128,164,64,127,181,117,156,23,210,96,209,94,105,0,
after:0,101,79,127,181,164,64,172,128,156,117,204,175,131,66,73,115,226,7,113,120,0,
truck 19's root:
before:0,31,49,73,115,226,113,7,0,
after:0,209,94,31,210,96,105,23,49,0,

change truck21 and truck19
total move cost change:2708.69
truck 21's root:
before:0,101,120,79,66,175,204,131,172,128,164,64,127,181,117,156,23,210,96,209,94,105,0,
after:0,101,79,127,181,164,64,172,128,156,117,204,175,131,66,115,226,7,113,120,0,
truck 19's root:
before:0,31,49,73,115,226,113,7,0,
after:0,73,49,23,105,96,210,31,94,209,0,

change truck21 and truck15
total move cost change:2761.07
truck 21's root:
before:0,101,120,79,66,175,204,131,172,128,164,64,127,181,117,156,23,210,96,209,94,105,0,
after:0,101,66,131,175,204,117,156,128,172,64,164,181,127,79,126,89,10,161,153,120,0,
truck 15's root:
before:0,21,161,153,126,89,10,0,
after:0,209,94,21,210,96,105,23,0,

change truck21 and truck19
total move cost change:2707.54
truck 21's root:
before:0,101,120,79,66,175,204,131,172,128,164,64,127,181,117,156,23,210,96,209,94,105,0,
after:0,101,79,127,181,164,64,172,128,156,117,204,175,131,66,226,7,113,120,0,
truck 19's root:
before:0,31,49,73,115,226,113,7,0,
after:0,73,115,49,23,105,96,210,31,94,209,0,

change truck21 and truck19
total move cost change:2720.37
truck 21's root:
before:0,101,120,79,66,175,204,131,172,128,164,64,127,181,117,156,23,210,96,209,94,105,0,
after:0,101,79,127,181,164,64,172,128,156,117,204,175,131,66,23,7,120,0,
truck 19's root:
before:0,31,49,73,115,226,113,7,0,
after:0,73,115,49,226,105,96,210,113,31,94,209,0,

change truck21 and truck19
total move cost change:2743.06
truck 21's root:
before:0,101,120,79,66,175,204,131,172,128,164,64,127,181,117,156,23,210,96,209,94,105,0,
after:0,101,79,127,181,164,64,172,128,156,117,204,175,131,66,23,7,113,120,0,
truck 19's root:
before:0,31,49,73,115,226,113,7,0,
after:0,73,115,49,226,105,96,210,31,94,209,0,

change truck21 and truck19
total move cost change:2538.27
truck 21's root:
before:0,101,120,79,66,175,204,131,172,128,164,64,127,181,117,156,23,210,96,209,94,105,0,
after:0,66,131,175,204,117,156,128,172,64,164,181,127,79,101,209,94,96,7,210,23,120,0,
truck 19's root:
before:0,31,49,73,115,226,113,7,0,
after:0,73,115,49,226,105,113,31,0,

change truck22 and truck21
total move cost change:2387.94
truck 22's root:
before:0,20,189,74,159,139,13,0,
after:0,117,156,164,128,189,20,64,181,127,209,94,210,96,105,23,0,
truck 21's root:
before:0,101,120,79,66,175,204,131,172,128,164,64,127,181,117,156,23,210,96,209,94,105,0,
after:0,120,66,131,175,204,74,159,172,13,139,79,101,0,

change truck22 and truck21
total move cost change:2386.98
truck 22's root:
before:0,20,189,74,159,139,13,0,
after:0,117,156,164,128,189,172,20,64,181,127,209,94,210,96,105,23,0,
truck 21's root:
before:0,101,120,79,66,175,204,131,172,128,164,64,127,181,117,156,23,210,96,209,94,105,0,
after:0,120,66,131,175,204,74,159,13,139,79,101,0,

thread size:1
use thread1's answer

[31mThread 1[0m
truck size:23
time info
construct:0(ms)    local search:0(s)
total move cost change:40794.5--->34141.5
152[0m/capacity:154    route:0,38,91,198,141,109,56,163,138,181,127,79,209,94,130,9,107,63,199,161,153,0,
152[0m/capacity:154    route:0,44,217,171,164,33,50,88,177,172,100,206,137,0,
154[0m/capacity:154    route:0,29,57,30,0,
154[0m/capacity:154    route:0,32,104,18,0,
154[0m/capacity:154    route:0,12,162,25,0,
150[0m/capacity:154    route:0,129,197,11,85,158,62,146,80,170,192,117,225,103,0,
152[0m/capacity:154    route:0,90,47,76,110,220,159,13,20,139,0,
154[0m/capacity:154    route:0,2,184,27,0,
154[0m/capacity:154    route:0,41,34,16,19,0,
151[0m/capacity:154    route:0,37,59,39,64,152,122,99,111,121,224,24,54,123,120,0,
153[0m/capacity:154    route:0,134,65,72,108,6,208,144,92,116,148,52,0,
145[0m/capacity:154    route:0,204,125,175,81,55,173,133,26,15,0,
150[0m/capacity:154    route:0,160,157,187,150,179,53,154,8,140,118,0,
154[0m/capacity:154    route:0,195,205,98,28,51,124,176,77,35,106,0,
147[0m/capacity:154    route:0,60,23,143,105,147,96,215,210,174,43,21,93,0,
139[0m/capacity:154    route:0,216,84,149,169,3,214,166,178,0,
152[0m/capacity:154    route:0,227,211,223,168,87,45,131,17,185,207,78,40,128,61,0,
152[0m/capacity:154    route:0,71,194,200,5,112,167,82,182,218,101,58,42,0,
150[0m/capacity:154    route:0,126,89,188,10,180,46,135,95,48,213,97,165,196,119,68,142,0,
154[0m/capacity:154    route:0,73,115,49,226,7,113,31,0,
153[0m/capacity:154    route:0,75,4,14,145,203,70,212,222,156,202,0,
153[0m/capacity:154    route:0,183,66,132,102,22,219,114,189,186,191,155,69,0,
149[0m/capacity:154    route:0,221,136,201,190,36,67,83,1,193,74,86,151,0,
[31munvisited:[1K[0mimprove rate:83.6916

