23
0 21
1731.87
0 21
1787.73
0 21
1742.13
0 21
1803.2
0 21
1747.73
0 21
1814.72
0 21
1742.43
0 21
1781.25
1 21
2270.37
1 21
2196.74
1 21
2331.34
1 21
2300.36
1 21
2292.88
1 21
2384.82
1 21
2316.2
2 21
1922.7
2 21
1926.81
2 21
1925.07
4 21
2101.43
5 21
2142.18
5 21
2314.42
5 21
2268.01
6 21
3399.32
6 21
3440.65
6 21
3397.76
6 21
4105.43
6 21
3942.68
6 21
3354.85
6 21
3362.12
6 21
3428.99
6 21
3402.74
6 21
3383.44
6 21
3592.07
6 21
3407.26
7 21
1984.58
9 21
2919.71
9 21
2906.62
9 21
2834.2
9 21
2805.38
9 21
2767.6
10 21
3213.95
10 21
3102.3
10 21
3018.57
10 21
3102.29
10 21
3075.49
10 21
2964.21
10 21
3047.13
10 21
2777.36
11 21
3358.18
11 21
3271.25
11 21
3313.12
11 21
3318.97
11 21
3288.04
12 21
2900.99
12 21
2689.39
12 21
2688.46
12 21
2827.94
12 21
2813.57
12 21
3628.61
12 21
3678.5
12 21
3584.27
12 21
3581.06
12 21
3543.57
12 21
3624.54
12 21
3647.16
12 21
3155.72
12 21
3204.25
12 21
3191.92
13 21
2578.01
13 21
2561.9
13 21
2757.23
13 21
2752.17
13 21
2626.17
13 21
2613.42
13 21
2200.39
13 21
2578.01
16 21
3246.47
16 21
3247.06
16 21
3250.31
16 21
3239.25
16 21
3247.65
16 21
3209.83
16 21
3217.42
16 21
3787.49
16 21
3785.28
16 21
3787.23
16 21
3808.53
17 21
2636.97
19 21
2740.4
19 21
2734.24
19 21
2708.69
19 21
2707.54
19 21
2743.06
19 21
2538.27
19 21
2720.37
20 21
2327
20 21
2301.76
21 13
2626.17
21 12
2689.39
21 12
2827.94
21 13
2757.23
21 5
2142.18
21 7
1984.58
21 13
2613.42
21 12
2688.46
21 5
2287.59
21 12
2813.57
21 13
2752.17
21 5
2314.42
21 12
2900.99
21 6
4119.08
21 13
2561.9
21 6
4105.43
21 10
2777.36
21 13
2200.39
21 0
1787.73
21 13
2302.03
21 7
1510.22
21 16
3250.31
21 6
3440.65
21 0
1803.2
21 16
3246.47
21 0
1742.43
21 12
3204.25
21 6
3399.32
21 16
3785.28
21 0
1731.87
21 6
3397.76
21 16
3247.06
21 0
1781.25
21 16
3787.23
21 16
3247.65
21 0
1814.72
21 12
3155.72
21 16
3808.53
21 0
1742.13
21 16
3787.49
21 16
3239.25
21 0
1747.73
21 9
2824.48
21 5
2268.01
21 2
1926.81
21 1
2309.53
21 12
3624.54
21 22
2386.98
21 10
3102.29
21 12
3543.57
21 12
3647.16
21 16
3217.42
21 5
2287.96
21 11
3318.97
21 1
2196.74
21 10
3102.3
21 11
3288.04
21 5
2138.96
21 9
2767.6
21 2
1922.7
21 1
2331.34
21 12
3550.42
21 22
2387.94
21 10
3018.57
21 12
3581.06
21 16
3209.83
21 1
2270.37
21 9
2834.2
21 1
2316.2
21 9
2906.62
21 6
3354.85
21 4
2101.43
21 11
3271.25
21 1
2292.88
21 6
3362.12
21 1
2384.82
21 10
3213.95
21 9
2919.71
21 10
3202.18
21 5
2291.13
21 20
2327
21 1
2300.36
21 6
3448.55
21 12
3678.5
21 9
2899.14
21 10
3342.62
21 9
3006.14
21 6
3402.74
21 6
3407.26
21 12
3628.61
21 6
3481.8
21 20
2455.7
21 11
3300.84
21 1
2350.72
21 12
3573.83
21 12
3534.66
21 12
3584.27
21 6
3592.07
21 6
3671.13
21 5
2420.81
21 17
2636.97
21 10
3047.13
21 2
1925.07
21 11
3313.12
21 10
2964.21
21 19
2740.4
21 19
2734.24
21 14
2401.95
21 19
2708.69
21 18
6036.36
21 15
2761.07
21 19
2707.54
21 19
2720.37
21 19
2743.06
21 19
2538.27
22 21
2371.58
22 21
2387.94
22 21
2386.98
thread size:1
use thread1's answer

[31mThread 1[0m
truck size:23
time info
construct:0(ms)    local search:0(s)
total move cost change:40794.5--->32664.7
143[0m/capacity:154    route:0,38,148,36,177,88,144,116,198,71,3,0,
148[0m/capacity:154    route:0,129,223,132,22,175,125,204,124,51,114,176,35,90,0,
154[0m/capacity:154    route:0,29,57,30,0,
153[0m/capacity:154    route:0,218,207,104,32,28,118,0,
153[0m/capacity:154    route:0,109,152,64,50,208,172,78,189,128,61,162,112,171,182,134,12,52,77,225,103,0,
153[0m/capacity:154    route:0,101,156,133,137,159,13,20,139,0,
152[0m/capacity:154    route:0,216,84,149,169,166,178,79,127,181,213,25,56,0,
154[0m/capacity:154    route:0,2,184,27,0,
154[0m/capacity:154    route:0,41,34,16,19,0,
152[0m/capacity:154    route:0,37,164,167,33,82,92,145,70,203,47,76,62,80,117,0,
150[0m/capacity:154    route:0,224,121,111,99,97,165,196,5,138,59,141,0,
154[0m/capacity:154    route:0,155,151,212,222,158,191,1,122,163,217,202,0,
150[0m/capacity:154    route:0,160,157,187,179,53,131,154,8,219,0,
151[0m/capacity:154    route:0,195,44,15,170,26,192,58,0,
147[0m/capacity:154    route:0,60,23,105,147,96,215,210,143,174,43,21,93,0,
153[0m/capacity:154    route:0,126,89,107,130,214,48,95,209,94,135,63,199,188,46,180,10,161,120,0,
149[0m/capacity:154    route:0,227,183,197,150,102,66,168,87,45,17,55,185,69,140,42,0,
151[0m/capacity:154    route:0,194,200,39,108,6,206,110,173,106,0,
147[0m/capacity:154    route:0,54,24,9,123,153,0,
154[0m/capacity:154    route:0,73,115,49,226,7,113,31,0,
150[0m/capacity:154    route:0,75,65,72,4,14,146,0,
153[0m/capacity:154    route:0,211,81,11,85,86,83,67,190,201,136,221,119,91,205,142,0,
153[0m/capacity:154    route:0,98,74,220,193,18,186,40,100,68,0,
[31munvisited:[1K[0mimprove rate:80.0714

