23
0 21
1731.87
0 21
1787.73
0 21
1742.13
0 21
1803.2
0 21
1747.73
0 21
1814.72
0 21
1742.43
0 21
1781.25
1 21
2270.37
1 21
2196.74
1 21
2331.34
1 21
2309.53
1 21
2300.36
1 21
2292.88
1 21
2384.82
1 21
2316.2
2 21
1922.7
2 21
1926.81
2 21
1925.07
4 21
2101.43
4 21
2053.82
5 21
2142.18
5 21
2314.42
5 21
2287.59
5 21
2038.55
5 21
2181.53
5 21
2268.01
5 21
2287.96
6 21
3399.32
6 21
3440.65
6 21
3397.76
6 21
4105.43
6 21
3942.68
6 21
3671.13
6 21
3448.55
6 21
3354.85
6 21
3362.12
6 21
3428.99
6 21
3402.74
6 21
3383.44
6 21
3592.07
6 21
3407.26
7 21
1984.58
9 21
2919.71
9 21
2906.62
9 21
2834.2
9 21
2805.38
9 21
2767.6
9 21
2824.48
10 21
3202.18
10 21
3213.95
10 21
3212.54
10 21
3127.85
10 21
3102.3
10 21
3018.57
10 21
3102.29
10 21
3075.49
10 21
2964.21
10 21
3047.13
10 21
2777.36
11 21
3534.3
11 21
3484.68
11 21
3358.18
11 21
3271.25
11 21
3313.12
11 21
3247.68
11 21
3318.97
11 21
3288.04
12 21
2900.99
12 21
2689.39
12 21
2688.46
12 21
2827.94
12 21
2813.57
12 21
3628.61
12 21
3678.5
12 21
3584.27
12 21
3581.06
12 21
3543.57
12 21
3550.42
12 21
3624.54
12 21
3647.16
12 21
3155.72
12 21
3204.25
12 21
3191.92
13 21
2578.01
13 21
2561.9
13 21
2757.23
13 21
2752.17
13 21
2626.17
13 21
2613.42
13 21
2182.78
13 21
2200.39
13 21
2578.01
15 21
2761.07
16 21
3246.47
16 21
3247.06
16 21
3250.31
16 21
3239.25
16 21
3247.65
16 21
3209.83
16 21
3217.42
16 21
3787.49
16 21
3785.28
16 21
3787.23
16 21
3808.53
17 21
2636.97
19 21
2740.4
19 21
2734.24
19 21
2708.69
19 21
2707.54
19 21
2743.06
19 21
2538.27
19 21
2735.68
19 21
2720.37
20 21
2206.24
20 21
2327
20 21
2301.76
21 6
3452.18
21 13
2626.17
21 12
2689.39
21 12
2827.94
21 13
2757.23
21 5
2142.18
21 7
1984.58
21 6
3942.68
21 13
2613.42
21 12
2688.46
21 5
2287.59
21 12
2813.57
21 13
2752.17
21 5
2314.42
21 13
2578.01
21 7
2186.25
21 12
2900.99
21 6
4069.22
21 6
4119.08
21 13
2561.9
21 6
4105.43
21 13
2308.06
21 13
2182.78
21 12
2648.55
21 10
2777.36
21 13
2200.39
21 0
1787.73
21 13
2302.03
21 7
1510.22
21 16
3250.31
21 6
3440.65
21 0
1803.2
21 16
3246.47
21 0
1742.43
21 12
3204.25
21 6
3399.32
21 16
3785.28
21 0
1731.87
21 6
3397.76
21 16
3247.06
21 0
1781.25
21 12
3191.92
21 16
3787.23
21 16
3247.65
21 0
1814.72
21 12
3155.72
21 16
3808.53
21 0
1742.13
21 16
3787.49
21 16
3239.25
21 0
1747.73
21 9
2824.48
21 5
2268.01
21 2
1926.81
21 1
2309.53
21 12
3624.54
21 22
2386.98
21 10
3102.29
21 12
3543.57
21 12
3647.16
21 16
3217.42
21 6
3685.94
21 5
2038.55
21 5
2287.96
21 20
2206.24
21 11
3318.97
21 10
3075.49
21 1
2196.74
21 9
2805.38
21 10
3102.3
21 11
3288.04
21 5
2138.96
21 9
2767.6
21 2
1922.7
21 1
2331.34
21 12
3550.42
21 22
2387.94
21 10
3018.57
21 12
3581.06
21 16
3209.83
21 1
2270.37
21 9
2834.2
21 1
2316.2
21 5
2181.53
21 9
2906.62
21 10
3212.54
21 6
3354.85
21 20
2301.76
21 4
2101.43
21 11
3271.25
21 1
2292.88
21 6
3362.12
21 4
2053.82
21 1
2384.82
21 10
3213.95
21 9
2919.71
21 6
3428.99
21 10
3202.18
21 6
3419.42
21 5
2291.13
21 20
2327
21 1
2300.36
21 6
3448.55
21 12
3678.5
21 1
2343.04
21 9
2899.14
21 10
3342.62
21 9
3006.14
21 6
3402.74
21 6
3407.26
21 12
3628.61
21 6
3481.8
21 20
2455.7
21 11
3300.84
21 1
2350.72
21 12
3573.83
21 12
3534.66
21 12
3584.27
21 6
3592.07
21 6
3671.13
21 5
2420.81
21 17
2636.97
21 10
3047.13
21 2
1925.07
21 11
3313.12
21 6
3579.42
21 10
2964.21
21 19
2740.4
21 19
2734.24
21 14
2401.95
21 19
2708.69
21 18
6036.36
21 15
2583.65
21 15
2761.07
21 19
2707.54
21 19
2720.37
21 19
2743.06
21 19
2538.27
21 6
3452.18
22 21
2371.58
22 21
2387.94
22 21
2386.98
thread size:1
use thread1's answer

[31mThread 1[0m
truck size:23
time info
construct:0(ms)    local search:0(s)
total move cost change:40794.5--->34523.8
150[0m/capacity:154    route:0,42,18,189,186,207,193,128,61,220,0,
151[0m/capacity:154    route:0,38,198,25,138,99,97,39,112,171,119,0,
144[0m/capacity:154    route:0,29,181,127,79,3,0,
152[0m/capacity:154    route:0,133,104,32,69,22,0,
146[0m/capacity:154    route:0,12,162,164,59,24,54,153,0,
152[0m/capacity:154    route:0,60,157,187,197,150,179,11,85,114,62,146,137,117,0,
153[0m/capacity:154    route:0,90,103,70,145,203,206,13,20,139,0,
154[0m/capacity:154    route:0,2,184,27,0,
154[0m/capacity:154    route:0,41,34,16,19,0,
152[0m/capacity:154    route:0,134,65,33,208,167,72,182,148,202,0,
153[0m/capacity:154    route:0,151,212,172,159,57,40,78,30,175,204,140,118,0,
153[0m/capacity:154    route:0,155,156,170,74,100,177,88,50,6,108,64,196,56,109,52,91,0,
152[0m/capacity:154    route:0,211,183,223,87,168,154,8,219,0,
154[0m/capacity:154    route:0,195,205,98,28,51,124,176,77,35,106,0,
153[0m/capacity:154    route:0,216,9,63,188,43,174,143,210,96,105,23,160,120,0,
152[0m/capacity:154    route:0,84,126,149,169,214,130,107,199,215,147,180,46,135,94,209,95,48,166,178,136,201,190,152,165,221,213,217,0,
137[0m/capacity:154    route:0,227,129,132,53,45,131,17,185,125,68,44,142,0,
154[0m/capacity:154    route:0,194,200,144,173,26,15,0,
152[0m/capacity:154    route:0,123,89,10,21,161,93,0,
154[0m/capacity:154    route:0,73,115,49,226,7,113,31,0,
150[0m/capacity:154    route:0,37,75,14,4,192,225,218,101,58,0,
153[0m/capacity:154    route:0,66,102,81,55,80,222,158,191,1,122,163,141,71,0,
153[0m/capacity:154    route:0,224,121,111,5,82,92,67,110,83,86,76,47,36,116,0,
[31munvisited:[1K[0mimprove rate:84.6285

