6.61908832198465 1.1472942751964732
0.6031284471280485 2.8858395971177764
4.348606457810417 9.413053210995402
9.424281783893933 9.765637035644847
9.553725970723475 5.720879935529533
8.765526766990149 7.975995587898026
3.2493823301386584 2.7503084940311306
1.662019276527904 9.137644356585366
3.85773840891709 0.2534675687675725
1.2087501110738819 4.238292488529365
8.542785061141624 9.607606568303954
4.5152951023629555 2.4840118026099187
9.766733873063247 4.7783498601326695
9.526263254122576 6.370369955128257
3.1577957056050843 4.634769157267895
6.969898354428981 2.899105321606638
4.790915589186387 8.801270678789574
5.904123894481782 5.98276856697942
0.3983699158266585 6.4738321473939555
0.7999492526106267 9.651543937036044
6.187951720798993 0.39877855339979784
9.677169951458364 3.8107628568657503
4.178539387603473 2.7539922337737464
8.97569527026536 6.6096184498767645
5.690565276061841 8.54228794645746
8.252005281443894 2.43928341033277
6.217539894016866 7.785468642108317
8.709687891976852 6.832862727696105
2.644680414817091 7.119847835865817
0.4866891485841929 2.125647546740818
7.226818037822391 2.7700092810628805
7.317590218535179 2.602940259602231
6.6092248118629495 3.9100528628680564
2.0966747181017764 5.022906074390775
7.327851156444385 6.068913745289365
2.1701892406319834 9.73814606573646
7.206352968781485 8.311670088130988
4.734310668075862 2.152794481911812
8.361784738513219 8.987720901315987
3.852106935606281 3.6584280456909877
4.879513112921304 9.325560286939876
6.757020527579277 0.4752903041753487
7.767566998558877 0.4012481390657563
6.388678835155459 7.296616854730349
0.5695288574337531 9.847969733145227
5.207300553498834 4.099969609393295
3.2608448617126573 0.8036069278560676
7.1913174838141405 2.7317494135296974
3.4834445514488097 5.643971426160267
9.37388129572912 5.036229614813478
6.840047778613243 5.642076830472438
6.352032505759829 2.5800839837857303
4.609786163226221 9.374596519859619
1.9199849065120278 9.903527531982508
2.0784109609419232 9.041113904454177
4.731148217636095 3.8994769285160578
4.0024654236088475 3.7253442739154927
5.164700356499949 2.2989484331525722
5.663935798907678 1.9708401599864145
7.515624868643868 0.02305933108024183
5.489608275397381 9.838975479369335
6.218451085691687 5.79649672228001
7.238874912630061 5.770670643789307
5.596542924802815 0.8217551227962439
4.921812426557959 6.116939922954136
1.6798609264777697 5.379648170425092
0.28889188650490505 9.368458005054187
5.564008215041038 1.7331707495249804
4.828731340702306 0.3687748991543538
8.649514895576388 9.234228860989951
2.925122636088201 4.802036199148327
7.4256670893316565 0.27837079070169635
6.639417544657596 8.40912404160503
5.990550629913934 1.3339455829227742
4.915763709280496 5.589260628932722
4.829594976820508 0.14724087045327128
5.011755693848247 4.2617202814674275
0.572563556003417 7.285287888935628
9.959074942368824 6.86431227129542
5.7906852052453655 2.1560272341647755
6.927234708854955 0.18958297958257875
4.84261887106919 5.856699700255865
8.756750787813745 1.8338005874859464
5.598559422772128 0.6197878608413021
0.770016873110424 7.16462131649878
8.534807971655463 8.266161663424256
5.88615359074652 9.137498725831717
4.458460664672458 1.8122744776930133
7.437253476842802 7.424949885581153
9.103193735925862 8.324157354007177
7.6178128198534045 7.835532346384965
3.97409664679375 6.526755482233263
0.8561708087238928 5.026736274450171
9.5818971758405 2.2812393176978207
8.103857673176686 5.056778201374861
6.495215261171192 4.206945415692276
8.927916263828983 2.0033905704171184
0.9467948358750677 0.20265545291070497
6.921260545877753 2.868717511286981
7.528888604433299 5.136468185539757